E+P+G+C+M
40.715688413702814
45.23699953980672
56.72935103244838
E
1.5273838097316168
4.172419082681393
4.830383480825959
E+P
27.798385337115427
26.031599938640895
38.2466814159292
E+G
5.520401483744273
4.187758858720663
13.099188790560472
E+M
41.872136155356756
25.44868844914864
32.16261061946903
E+C
35.893519528693
44.22457432121491
52.2584808259587
E+P+G
23.085315295657868
22.810246970394232
37.30641592920354
E+P+M
36.70085097097971
33.73216751035435
43.98045722713864
E+P+C
38.228234780711325
42.90535358183771
52.59033923303835
E+C+G
36.482653283875194
42.73661604540574
50.79277286135693
E+C+M
41.34846170630591
44.51603006596104
53.14343657817109
E+G+M
33.3624263582806
23.776652860868232
40.09033923303835
E+G+C+M
41.763037311804496
45.88127013345605
52.67330383480826
E+P+G+M
36.24263582806022
33.225954901058444
42.90191740412979
E+P+C+M
40.38839188304604
44.04049700874367
56.139380530973455
E+P+G+C
39.2319441413921
42.12302500383495
50.857300884955755
