ALL
40.930912126904616
45.9499263622975
52.015732546706
EXP
1.39845543727823
3.814432989690722
4.809153481719854
PPI
22.98058860363181
26.87776141384389
41.74488245284706
GI
7.284491755374661
7.378497790868925
21.015464378296237
MI
49.23815487372156
34.565537555228275
56.932153392330385
COEX
36.27635149238155
42.35640648011782
50.147492625368734
PPI+GI
26.445418493007722
27.142857142857142
38.070975239116834
PPI+MI
37.92527656021707
34.123711340206185
47.40323589881112
PPI+COEX
37.59131705280735
44.30044182621502
51.13971574148565
COEX+GI
36.86078063034857
43.53460972017673
52.587825154196835
COEX+MI
41.974535587560005
47.5699558173785
53.23142933762403
GI+MI
38.50970569818409
27.628865979381445
41.306874050236885
GI+COEX+MI
42.37111250260906
46.671575846833576
54.071690354876196
PPI+GI+MI
40.24212064287205
35.84683357879234
44.703673907213734
PPI+COEX+MI
41.24399916510123
47.92341678939617
55.653883972468044
PPI+GI+COEX
40.283865581298265
44.81590574374079
52.257084115491196
