84945
58527
62
642443
56985
541
284
723972
646791
23519
147495
100505854
646348
729790
219681
414
504
645560
654480
246723
359997
53409
92270
84002
100421045
731605
389416
319138
647076
652960
151579
644877
804
806
807
401237
100420689
645251
100147811
644101
100151661
391739
644131
643751
100505876
1061
221017
79094
53344
5067
51287
81993
100507102
100289170
285849
9384
1348
9386
126129
161635
100526776
1498
404217
83530
645084
1661
10683
63950
644588
644589
548645
319111
374946
728532
100506710
54054
440595
644604
133283
100421796
1934
644820
126037
93556
280661
730144
106481690
728350
3647
134505
143341
286512
100128771
645579
100421390
55520
644548
29902
646851
619208
100129583
728115
729073
100216479
140623
143282
729614
23768
100533642
8790
100289097
392437
284764
100131743
100329108
78997
728344
440270
221914
79712
728023
399994
100859930
100289545
10354
645292
729119
729952
643790
727795
642659
653115
319133
8251
389053
644063
100125387
3314
266724
643300
644745
345041
326300
100507046
83982
280655
100132815
100128337
100422691
729176
641516
27345
10984
57501
83999
3947
137994
10186
140828
285708
286411
283624
100506334
148189
339290
729678
100505687
400657
338758
100506190
100506380
643401
644873
550643
100507217
388341
101290506
653122
116068
1955
399818
84326
440823
100289489
100131234
100379345
100506211
326591
106480796
107075172
100652939
100129561
124685
389240
729561
100130335
728589
730174
100302751
102724866
402175
729565
4730
128414
4826
100422243
440577
4874
90859
100130466
23738
246785
144203
647033
26978
341315
5051
110231149
144
56965
56133
56100
171423
100131801
100303755
101928527
5334
91405
441194
100131261
100289640
79717
79144
7002
64596
151645
284672
441050
5759
150928
100506965
442775
26134
100128974
112846
5938
728913
25996
340526
196475
84900
345895
152905
647009
389432
142891
6332
80274
157489
100420341
10371
389662
641977
100418720
100130564
389866
442112
100420450
389168
449645
84826
283514
729012
6922
120103
6546
84189
401744
400129
646196
100129361
643155
104472715
285958
100507246
84973
100130109
170550
100130289
100130003
126506
171424
9576
100419416
100130190
100422603
144106
157530
64940
6781
441505
106480442
285647
400011
285343
399511
85012
253665
645233
157695
442777
648283
100129793
646202
219902
92691
124491
130733
92703
147184
100506723
11013
7118
100129272
11257
646839
127262
285741
389787
286144
391358
57570
100131187
286495
619519
246126
124974
151276
171560
100271031
283991
100037280
646463
388165
730052
100287215
790955
10975
440567
441818
116966
339005
50631
158373
646531
402375
440917
150554
143371
51351
7700
56242
10778
84671
7587
79750
90649
84874
162655
147947
148268
147949
80095
342926
340252
148213
91120
90592
100129543
163131
730051
664701
400713
79963
24
122970
644220
67
100129013
84517
11086
11093
170690
171019
221442
343296
133
79924
347028
100419075
206
246181
644974
84964
57538
126549
54522
101926917
256006
339416
55317
100506013
642812
644649
282679
100130693
389137
55130
653308
485
645443
520
390581
138234
138864
53410
100130396
26033
135152
728366
83875
724038
221336
266675
105221694
168667
100421515
106480285
644754
286494
100421311
100287229
100129259
100422268
100128678
388419
653189
345829
652963
652959
503543
646614
391592
554049
729409
100128603
100422299
340591
93589
100526820
643193
399748
84698
117155
440278
100130461
100421861
91050
100420678
728591
374864
339512
344709
60494
643669
728887
100132073
402226
390415
643180
57124
938
157956
220786
100130384
200373
144535
142913
645317
646572
1120
101060146
57053
9435
728599
100131828
646609
442447
1197
100132341
27098
171425
129607
140894
729530
646300
375350
140468
285521
319087
140603
10404
114819
440359
401914
100420253
1497
23316
6376
606495
120227
113612
10858
83528
10800
1624
100132724
401533
100133180
192146
100421328
100130117
414918
120863
139189
400126
573971
729582
79469
220107
127343
29958
79962
390213
100129460
554236
349152
171220
344595
53905
100873911
100873914
246720
57593
100421829
647167
643563
387845
401717
645693
645715
646612
442709
402420
100132358
124199
100421854
442215
390924
389179
441032
442429
442258
100130388
646837
100129403
642357
391698
79645
100130771
374786
283014
442720
100129045
645368
319117
340947
100421533
359792
341784
100421579
100421528
643873
339881
100129692
645207
1980
100131693
401316
197342
196047
375704
387712
319114
79852
220081
6825
100132121
64789
266693
158584
729041
728641
729234
353267
728640
728066
387071
167555
728215
400451
90050
440585
23359
51313
100420875
100420916
729535
54757
100128071
286460
100421588
645332
692099
348926
440905
84553
150726
54099
90024
84624
283226
2341
100132352
391059
2502
2503
2504
2508
2499
2509
2500
2501
53827
647001
442231
2611
642259
346085
26301
151449
100420259
100126793
342035
92292
219970
728564
347687
100418751
55592
653641
653643
63906
2825
387509
151556
26996
11245
2842
2850
81491
2918
145258
344813
2951
2964
100093631
387036
441046
352887
347376
100287087
401494
3031
728921
441484
653175
493812
100419489
474167
101101692
440248
100874455
730647
100873894
10355
692147
654503
729595
646993
100506039
643744
644498
100289191
284293
644037
100131130
100421351
344697
664722
645691
100128836
100421379
100129920
400769
645001
100421398
642958
388275
402562
100421413
389395
387933
390294
100421828
100127907
402216
106480233
389322
442157
644390
645204
319134
3274
326296
100288483
3292
441051
541611
644495
399988
100287551
402143
283320
645548
100287369
100506000
106480254
728432
414328
57722
347252
402665
3588
3590
53342
10068
3573
3574
387597
100421506
54045
255783
100505573
285634
100129708
100418819
79781
340192
10265
140862
729920
3769
54207
27094
375616
100422273
100144494
651815
3844
728638
646808
24141
106478910
389386
644578
100190799
158222
729666
100289475
163175
64211
205251
100287569
285908
100133205
100131814
100506697
29092
151477
100128782
728855
100506433
400680
100506930
100505576
100499466
106660612
254312
57234
285286
339894
100302640
401106
100131434
283143
283663
400946
401074
100128822
100216546
338799
400955
728537
388685
339524
104472717
92249
100505532
285084
102723775
646168
149134
100996511
400945
100132501
105373144
101927217
101928062
100506119
101928913
54944
203414
101927067
503693
145581
390205
10234
151827
651250
100130742
400891
388886
54674
647302
100130178
80741
201229
145748
90352
340895
284358
54627
139201
79929
441061
8512
100101490
130752
286239
10873
149281
64863
388931
100507316
406920
406962
101928469
100616193
100616323
84848
693201
102465492
101928736
693235
83881
4320
4362
359740
359739
100885866
100887750
347705
4479
11209
645652
107075141
4523
339483
100887749
100293090
100462983
157667
4636
54043
100431168
745
90634
651144
162417
100128894
729177
401967
10230
100421096
266625
100128711
100190952
100128596
100381202
414200
100270648
100132796
152519
55335
79570
158801
105416157
441238
9241
402191
106481967
100874381
10836
10835
10829
10828
4871
390411
100422312
399804
100131478
100128985
729686
4875
255743
100506668
100420557
56953
100420307
200035
89761
128322
128506
93129
100130038
645264
389884
170533
780814
780813
25891
56903
728407
100506696
101928099
56131
56127
56114
253272
392454
100507361
100527946
100527947
646278
285359
644850
50940
109731405
730138
5222
161779
653895
5233
390730
653441
5282
390940
353511
100420258
163404
10154
5382
57469
100288506
284167
5453
5456
5486
134997
94274
286187
55370
100506012
130814
153768
101867536
80863
83886
100131775
79055
326617
729412
130700
643668
170541
280644
317753
280637
100422411
338099
338098
118672
139411
11191
5740
5758
5761
728873
5767
646981
26255
29942
9207
131185
100420047
5907
5918
5919
221002
100420527
727842
100132808
391804
441391
100132580
442234
389075
317671
5986
100128628
319093
730041
107075307
54031
100422371
126432
6019
106480498
106479390
106479468
100873417
390766
285533
200312
100506872
643446
729608
730092
91695
100129755
100419903
6260
201191
161394
442060
1757
11280
400836
100131656
728609
157708
729799
730005
223117
9723
9037
10501
10500
106480343
100873333
317774
100418735
57108
389217
619349
170548
253970
153842
55356
57419
100128618
81031
55532
55089
113235
100288436
28968
150159
6579
100271884
442233
105371564
100506060
644538
399668
100287482
283596
388796
100505806
654434
105376843
735301
692205
100874413
100131940
101060005
54937
114815
6665
389058
9806
165679
653464
100420752
153932
653226
54021
100131961
8128
442582
100506685
100289663
90529
728938
283398
728706
474338
285829
255928
440142
50832
728737
494540
494541
6916
100462880
283747
246717
647047
6991
200132
100124696
283523
441687
122046
113419
93081
401014
260341
100422711
399774
100422712
285872
391524
391276
100874417
553121
100101407
375346
89894
128218
65084
51524
441027
441151
100113407
388021
84222
645426
130612
440104
26175
106480320
100533619
4982
7292
286016
27010
147804
644566
7172
400650
51673
101060176
100421480
643870
129293
388630
646193
9865
388610
144448
128854
650368
100130890
253724
222052
23508
113691
92755
645668
100507043
261735
93202
122837
100130239
100271343
7315
23668
326105
100129983
283711
100130139
7333
440406
100421341
7339
147226
147150
442454
100288307
254700
100287272
642585
10064
359800
341965
647319
100130535
100421731
147645
391559
114987
646086
56964
151525
7473
7479
23302
339843
100996851
389610
55113
170559
387703
389901
442266
400209
100422666
649395
729898
643136
730239
150244
93550
339559
100125288
284307
7691
7710
7569
651302
7754
7673
286101
26974
729288
399669
195828
342908
155054
353088
79973
285676
84503
163255
147741
147929
54807
7617
100130934
641339
728927
100129842
388567
7626
284309
163115
388507
90576
401303
54753
642280
345462
100419709
7643
7661
9619
92949
116
5205
145741
28316
1113
1364
7122
9074
1879
1995
121506
2572
9630
253012
3752
3763
9314
687
64579
4760
190
118427
5053
5126
55022
10631
222171
158158
1901
7857
162515
9705
81551
171024
6855
7054
81615
2
8751
29882
27063
6315
633
651
761
727677
147372
8646
149461
10256
1271
1305
81578
91522
79007
64180
8193
1816
390352
1932
647030
646270
790952
2166
2255
2348
2566
54762
2891
727936
9001
55559
64399
171559
100130009
3176
3198
3352
126119
3739
3751
57608
3834
28999
200634
197021
3955
3982
101929769
100506465
100131138
23566
130576
11184
4145
55384
442894
4493
4494
100289404
107075117
401825
26257
440345
100129237
100289584
729342
442006
100130233
11249
169611
389537
56110
26577
5156
200150
56341
51285
54715
100133206
6035
388591
56475
860
51540
642658
53358
63027
6641
6649
92369
338596
148281
7004
79875
84948
7134
285412
284076
1890
55237
9942
201181
116412
9429
25841
43
55289
93953
6296
100418921
89
9507
575
221188
64123
199800
196
199
55057
100216487
84335
8659
263
340120
63982
3730
100652899
290
314
316
10053
187
342
116984
55843
57636
393
50649
646450
115761
387684
101928788
132946
221481
415
51676
253982
100127952
23130
645440
100507097
540
51761
6795
283358
80115
255877
627
92558
638
101669762
729096
652961
762
768
777
55799
782
59284
59283
794
796
797
84254
6650
10753
29775
841
255057
23624
90060
115948
149483
83643
645859
732448
729440
887
10309
2826
100130481
958
960
928
978
55561
999
64403
1001
1002
8814
1951
9350
1139
23152
548596
1159
100419056
24146
137075
125875
161198
9976
54102
340204
389383
100421338
124817
1302
1307
1299
399948
118881
101234262
57699
27132
55118
1413
1419
1421
1427
114784
8029
1592
1594
29785
54360
112597
266917
168002
747
139170
91351
64798
91319
26220
9162
27120
9940
65989
26052
1844
1780
100129739
729630
1906
1909
1910
319112
100130211
100874491
100421756
100130260
64800
151651
1959
1960
390394
2000
79993
2014
23052
2022
54566
2041
2065
100420612
54845
6824
254013
2116
2118
100151640
2150
2170
2171
64855
388581
100132916
729085
158228
83723
140876
440078
84691
644815
55711
355
2203
26232
343332
90342
389549
2246
9965
2250
100873790
8928
2497
729009
51083
100240709
2619
2622
2637
2735
27165
132158
51291
100270790
100130060
2796
127845
2811
2822
100302689
2843
2827
63940
57822
2974
100689229
3037
3038
3040
1839
414764
83933
23493
100129086
59269
100506595
3162
645940
389674
646956
84525
84842
60495
3269
8739
9953
222537
100420080
389792
8519
3479
3489
9641
53833
3563
729101
105369987
83729
11185
387755
3669
64843
8515
9452
80271
3710
150771
3714
3718
3736
3745
3757
27133
30819
3770
56660
8645
9424
65987
643535
3791
9764
90990
83855
56062
5655
5653
10219
346689
79412
360019
391827
441160
3902
120071
3931
116842
3958
340596
375323
129402
64130
100188953
751580
400619
440132
283981
285401
170425
389634
102606463
101929344
100505683
101927621
101927667
724087
100505929
100287225
4004
114783
84171
9227
219527
57554
347730
256586
346389
4125
4294
4151
4157
645927
102388891
196410
4239
4242
79847
146664
102724827
9645
4277
406981
407003
104457406
100423020
4327
4318
148932
79922
642475
64978
359766
359767
118490
4503
100289371
4515
100463489
100463498
4585
4599
4600
4606
4609
10408
79784
645094
23218
1463
84807
4808
22795
4821
4831
23057
27231
4862
642778
440348
100422259
440902
100128410
100129067
100422261
100128903
100129972
100129795
100130606
392428
283869
9572
441478
728381
145957
152195
4985
4986
10819
100874387
161725
728361
728773
27143
101927423
89932
5069
54852
56135
654427
5141
23037
494150
548599
7262
5293
11040
114780
442156
402116
5327
5328
5336
257068
51090
8612
5362
55163
127435
5452
5460
10891
133522
170537
170539
147699
26051
153743
5544
639
63978
5554
145270
5593
389333
5961
5652
57716
100130923
5696
5698
9051
5744
5753
5760
5820
29108
54814
57111
326624
286472
402183
5916
5923
5924
54922
30062
146713
116362
57333
145226
5971
387849
57139
54894
286140
100131998
284654
349667
6275
27164
283726
286133
117156
348303
23679
57715
8482
5272
5054
56256
642869
124925
84251
129049
10019
10045
400745
6456
6461
388336
140885
4990
63910
6571
83733
344371
10999
8501
85414
83959
6536
6543
121456
10599
28232
81796
440354
27293
219537
103091864
79104
724102
692227
692058
26822
94162
8926
79856
6656
221833
353324
132671
55064
100131250
6691
6692
83985
90853
6696
399473
81848
6644
8406
222183
6736
6776
256227
92335
55061
6854
163183
11346
57586
94120
94122
6890
6891
123036
7045
7066
80731
399520
7079
257000
27134
11322
9911
25907
84286
399474
162461
126259
7113
360200
3371
7127
7128
8794
8711
222699
8940
252956
751599
100131268
100128483
102723852
10346
55223
23555
7277
7307
102724594
100128617
170556
133688
201294
11045
27005
7425
7429
50853
389246
7450
64409
124997
11197
54739
7498
647051
246737
80149
57623
132625
7549
7568
342909
147807
100507290
84891
9625
2180
51412
8038
11096
108
84873
153
57491
22977
220
238
729198
9068
124930
100131031
8120
57569
64283
100506084
87171
389652
478
491
2583
602
340542
27319
79365
635
654
9024
728819
10882
114899
164633
774
776
79012
869
645158
23492
221262
886
401145
11314
10435
51286
283848
348807
257177
653275
728324
8534
64377
53405
64084
157807
169044
84940
132864
10814
23418
641457
1465
64693
119437
642909
399697
92196
51473
23109
22898
54769
1749
1750
642797
1770
92737
1804
1813
1834
78986
100422254
64641
253738
1942
1999
83401
55068
2046
115704
23017
51059
642938
25817
152756
196792
131583
54855
339145
146330
2229
654466
2354
2591
11227
2587
84253
2624
2668
2775
283685
643699
2813
151306
115330
1880
8111
64388
2946
2949
101926918
3060
84667
3024
3012
8969
8336
8344
8342
8363
80201
100129919
728776
3199
3213
3214
9951
3623
3624
3642
80760
8629
9312
3746
30818
100652824
124602
84634
3816
3897
144811
3909
10637
55203
3975
645323
100874188
157627
149837
400084
375295
100506421
441389
53353
441381
644397
4061
4062
4128
23542
4237
25834
100462954
100500872
100505738
100271918
7681
254956
4547
4582
9961
9172
4661
23040
259232
342977
24142
89795
56901
140825
58158
4807
79815
349565
8715
6134
10811
100288332
729978
10361
4929
51299
140767
84628
79873
57495
222950
57624
4948
3175
390874
56914
5024
135138
54873
164091
56138
56145
56125
54660
56108
100422595
5121
27344
5833
5178
5179
375189
116154
5309
5355
54886
64748
5455
5457
8541
132160
10842
5526
10216
5582
101929293
5799
170394
221749
11264
25837
9363
5864
387496
644943
375316
10740
729857
6000
162494
100462810
23504
106481762
79589
727800
27156
84870
10900
6277
10590
6335
124404
5345
6557
57084
6506
10991
57835
84631
440087
100507341
64094
6615
6616
6623
54212
26206
54961
6750
6769
9754
9899
6853
6863
6870
340543
7062
221400
7007
83659
55901
220359
92293
55365
28959
256130
348013
79041
84000
100616668
7200
7224
79054
85453
134111
23025
340260
2277
146177
7476
114786
219539
170261
286128
7757
89887
163223
730087
388523
57643
80325
26027
111
100132380
200810
440482
40
728611
149478
728
730
377677
51063
100421943
84660
100128459
11126
11135
1016
27254
285429
196385
84677
285596
100422535
2296
486
79153
2732
441124
100507462
85236
8367
100996501
100130660
93164
442338
102723508
3741
3749
114818
114792
148645
283487
100862704
401321
100507501
136332
266727
85001
91807
51168
4542
100132681
347736
10886
101928904
83714
10039
5077
5280
8398
439953
100507444
29964
344405
5769
5896
106479396
106479524
57758
201232
126969
6522
100422558
245711
441272
23145
80765
285966
100873786
28755
7185
162514
91544
100128525
7483
133923
493821
57232
283933
53947
344653
79575
10863
80332
57188
150
55966
144193
645784
380
397
728377
7984
9914
390424
525
343515
631
149428
683
132556
283631
92291
286207
9075
1366
1293
57175
100288463
1545
1577
646378
1747
10655
100420003
55531
84141
441168
399823
8326
2567
339896
117248
50614
2625
390637
54438
2690
100131281
26585
100421431
100421794
64135
391526
3481
3589
3748
3750
100996930
100505865
100506385
79705
4054
653639
102467146
91862
55283
4222
317751
642587
79083
10205
116535
359745
137290
4495
143662
29895
4645
4647
645996
4824
100286929
203447
387924
4978
100420591
56666
344838
5088
27115
401
84647
7941
10761
219348
91584
5583
51450
5623
106480775
646758
5837
5697
10235
100421131
5649
9628
54101
106635535
127544
284288
646260
6337
56920
5104
100856878
23758
85358
134549
6495
9376
341880
132203
84690
124044
55304
55240
646520
100421648
10388
79953
4070
643503
7010
7022
7056
84283
7125
7139
54863
220115
390595
7379
155368
65266
54361
113763
254887
23414
129025
144568
103021294
10058
1244
145447
23205
68
644961
88
11095
113179
117
30817
10149
136
134265
174
100127958
51327
150209
51151
100128817
106480306
236
126242
8644
246182
730086
442131
239
259
286
170961
338440
3734
140564
23237
58504
201176
23779
64333
445328
390844
441131
408
9048
438
643159
57194
100287755
100505704
79369
93010
100885775
55024
55509
63827
53335
64919
79370
8553
146439
100421704
100652796
1620
54836
771
91768
94032
84433
146206
843
857
858
874
387707
285025
643677
374355
160762
101928991
10344
56477
140706
895
645121
135228
912
919
64866
60437
92211
392265
1046
100419930
10669
55584
10164
1160
652904
5010
390363
1201
100132332
1295
78989
1356
1369
151835
119587
92359
83716
1414
200575
1474
50624
2921
6374
6372
124637
157317
1583
1555
1573
260293
642776
359774
100129009
85443
100129640
79958
25786
79132
148252
58512
373863
1794
135656
1800
1801
1803
151871
359787
340168
51207
391012
100381215
8291
1842
23644
80820
100129866
106481691
728698
646171
8637
2016
953
253152
55040
2078
80004
83850
64850
59271
90332
2160
2161
8263
729163
2172
100128043
729610
150368
642273
79843
285016
27112
348378
729830
221303
9413
151647
389119
399656
100128781
54097
9750
729533
149297
222584
113828
391174
83416
401981
91893
553112
152273
26281
2253
2264
84929
642489
643988
163479
8061
27022
23105
100420300
100462794
220793
2523
2524
9568
2554
2558
2569
9514
79623
11226
170516
389970
391367
441572
729493
2601
729403
100132601
2613
442262
100505592
100419764
729438
2638
2645
51301
9573
51608
2675
2678
54810
2698
2701
349149
89944
112937
389741
256710
2793
728477
84803
23171
170589
10457
114787
9721
392281
441481
2886
2895
2914
83445
653689
121355
2984
653188
54049
100462795
3049
3059
348980
10021
10870
23072
10086
8330
8332
8970
8350
8353
8355
8357
8365
10357
100130561
100419996
100129706
319130
100128227
100419947
100420063
645201
100132863
100419972
644502
3167
3174
100421424
100421395
643689
3248
3249
10855
117245
9957
9956
9955
266722
3291
8630
730211
26353
644016
54047
100132346
106480255
3350
3359
3363
8372
3383
3620
126917
340198
163702
79713
27189
26280
53832
51561
83444
3664
389293
100287193
3675
26548
142683
23338
152789
84502
256949
170850
3781
386617
126695
9674
57576
147700
127707
57565
26085
11202
3818
100420843
3876
643471
344866
390418
343326
646723
284085
3855
100418737
388533
283455
3898
3910
3918
10319
645900
107075219
3932
3936
3937
100190800
100131934
122199
79854
647166
106478991
100507428
101410541
100874261
554279
100287314
387723
401232
100507173
100652853
102216342
100652736
100996702
108570035
4023
79414
79442
116135
347731
100303745
27076
157713
11178
130951
8174
158056
149175
4217
80327
8785
154141
255231
100873985
84935
728556
4223
25840
728996
84879
407022
407040
81571
197259
51085
4311
10893
64386
55034
4354
359737
221717
137406
359763
64951
286423
692094
4496
645745
4499
140851
100420621
107075310
107075270
442098
55613
100463488
100463482
4580
4584
4620
100422437
58498
93649
196446
25924
645108
79923
404635
388112
27158
100306975
100128889
81832
442290
4815
646392
91662
401010
4838
408050
4842
4843
4846
344022
4868
10833
100422313
100422272
4881
375387
729148
326613
256646
55753
106479059
26254
10821
58495
5026
780810
51025
64761
101978785
56147
56134
91523
255738
5148
5161
326616
647307
100132594
342705
100130579
391044
100418804
9796
118788
23533
150967
11187
50487
8605
26499
79156
55200
57088
100506715
5409
150379
84820
100422395
100422391
5443
5462
642559
645682
5463
653505
140913
5483
5485
121981
392285
246731
333926
84152
100420927
389935
100421295
440525
284338
5639
729779
5699
345645
5724
5732
9536
260434
730016
64284
401409
5880
100128880
100130621
100128266
8437
100130603
100421047
285613
5979
144347
401190
79651
171177
6014
106479205
106479413
100873478
100873686
7732
255488
100132467
100272220
729020
85495
100420159
343637
132112
80183
6262
140700
154075
344988
645313
6323
6326
6329
9717
64218
6406
389873
729399
553148
6318
326277
642737
100419178
2810
9047
6503
201780
51296
387700
80704
6582
440044
25769
442525
138412
6517
7781
92745
55630
50651
200931
113278
6538
9056
28231
284422
333929
101290500
100505616
677826
594838
26765
692086
100499258
100129566
100874414
54221
347454
83595
11262
8404
6689
54466
100861435
100130799
646213
643310
6768
29906
342667
6770
112755
55359
100127922
203328
6847
6850
8224
284612
84258
55357
50945
100421350
158931
6939
6997
6998
56165
732253
646359
646316
7015
56155
390816
7058
645381
7093
116441
147798
121256
284339
646360
728229
401498
221468
643382
219623
123591
161291
339456
388730
144110
724059
28983
7116
100233198
7130
8797
8792
943
8600
64102
402643
653758
100421439
28638
51127
91107
57159
205860
128229
203062
22996
7273
647000
643224
171222
389898
100288613
221044
402682
83878
11274
124739
8433
27287
79674
7433
653440
645638
127086
100422546
442459
51087
729566
131540
7712
442240
162979
84905
118738
729747
7784
342945
267020
100129736
100131740
343045
100132911
100130631
347673
83715
337873
442661
344741
664721
729423
441026
100128061
148818
653364
646910
100292290
10834
100287472
4884
26212
5004
319128
100287630
3186
57402
100128536
100288661
256536
105375355
