23461
84945
25864
58527
62
23284
642443
132
56985
60509
541
284
55129
203859
723972
646791
23519
147495
100505854
646348
729790
219681
100131755
414
79642
504
645560
654480
246723
359997
53409
92270
8708
84002
100421045
731605
389416
319138
647076
652960
151579
145741
644877
802
804
806
807
401237
100420689
645251
100147811
644101
100151661
347475
91057
391739
644131
4345
643751
28316
100505876
1061
221017
79094
53344
1119
1140
5067
27255
51287
81993
100507102
100289170
285849
9384
1348
9386
126129
54675
161635
100526776
1498
404217
83530
84418
645084
1661
10683
63950
644588
644589
548645
319111
1773
8447
374946
728532
100506710
54054
440595
644604
133283
100421796
1934
644820
126037
93556
280661
730144
106481690
728350
3647
134505
143341
286512
100128771
645579
100421390
55520
157697
644548
285550
29902
646851
196951
619208
100129583
728115
23625
729073
100216479
140623
143282
729614
23768
100533642
8790
100289097
392437
284764
7976
100131743
100329108
78997
2674
728344
440270
221914
56261
285513
79712
728023
399994
100859930
400322
164045
138050
192286
100289545
10354
645292
729119
729952
643790
727795
642659
653115
319133
653447
8251
389053
644063
100125387
3314
266724
643300
644745
345041
326300
100507046
83982
280655
9543
3485
100132815
100128337
100422691
729176
641516
3773
27345
10984
57501
57691
83999
3947
137994
9211
10186
11019
266655
140828
283267
285708
388789
286411
283624
100506334
148189
339290
729678
100505687
400657
338758
100506190
100506380
643401
644873
550643
100507217
388341
101290506
653122
116068
1955
399818
84326
10227
440823
100289489
100131234
100379345
100506211
326591
106480796
107075172
100652939
100129561
124685
389240
729561
100130335
728589
730174
100302751
135112
64579
102724866
137682
402175
729565
4717
4730
387921
128414
57502
4826
9284
100422243
440577
4874
79730
90859
100130466
23738
246785
144203
54681
647033
26978
341315
5051
110231149
144
56965
56133
56100
5126
171423
64065
100131801
100303755
10745
63895
101928527
5334
91405
84513
441194
8228
100131261
100289640
79717
79144
7002
222171
64596
151645
284672
441050
5759
150928
100506965
442775
26134
100128974
112846
5938
728913
25996
340526
196475
84900
89765
345895
152905
146923
647009
389432
142891
155370
79966
6332
80274
157489
100420341
389662
641977
100418720
100130564
389866
442112
100420450
389168
449645
84826
283514
729012
6922
123096
284129
51000
23169
11046
120103
6546
84189
401744
400129
646196
100129361
643155
389203
10924
104472715
285958
100507246
641638
84973
100130109
170550
100130289
100130003
126506
171424
9576
653566
100419416
100130190
100422603
144106
157530
9705
81849
64940
6781
441505
9263
106480442
285647
27233
400011
374969
54823
285343
399511
85012
253665
645233
157695
442777
57451
648283
100129793
646202
219902
645203
81615
92691
124491
130733
100507421
129787
55751
54916
79639
641649
147184
100506723
11013
7118
100129272
11257
646839
127262
285741
389787
286144
391358
57570
100131187
286495
319089
619519
246126
124974
151276
171560
100271031
283991
100037280
646463
388165
100134869
730052
100287215
790955
10975
440567
79805
441818
116966
79819
339005
50631
158373
646531
402375
388403
440917
150554
143371
84885
253832
441951
7539
51351
7700
56242
10778
91975
84671
117608
7587
79750
55786
90649
91392
84874
162655
147947
90233
148268
147949
80095
22834
342926
340252
148213
91120
90592
100129543
7627
163131
730051
664701
400713
65985
25980
441376
57505
80755
19
79963
154664
21
24
10347
5243
23456
5244
11194
23457
4363
89845
10257
368
10060
225
55324
55347
83451
26090
84836
116236
81926
51104
58489
80167
171586
63874
51099
57406
27
84448
31
32
27034
28976
35
9744
116983
79777
414149
84680
122970
8309
8310
51205
55
84519
80221
197322
55902
58
59
644220
67
70
100418910
72
57180
100129013
79913
84517
90
130399
100
8728
53616
8745
11086
81794
81792
11093
170690
170692
171019
9509
80070
9508
11173
54507
104
134637
57143
90956
203054
107
221442
109
112
113
119
577
976
343296
137872
133
79924
141
54936
122622
165
64782
84632
4299
2334
347028
125061
116988
119016
414189
642517
79841
340351
177
3268
55750
79814
10555
23382
27245
79026
113146
64853
83543
84883
9447
203
100419075
206
26289
122481
8165
10566
9495
9465
80709
1645
246181
126133
216
8854
219
160428
230
56052
84920
144245
440138
79087
199857
644974
29929
79796
8846
121642
221120
54784
84964
91801
245
57538
249
130540
8092
257
23600
55626
51005
139285
219287
268
57463
347902
271
272
273
275
64682
283
23357
285
23452
51129
150709
348094
56172
54882
126549
51281
338692
54522
253650
441459
101926917
84079
256006
651746
148741
353322
91369
338699
339416
283373
441869
122416
56899
203286
57101
57719
301
306
162
1174
130340
10717
91056
55317
9907
9546
10307
10297
100506013
27301
83464
642812
200558
335
338
27350
200316
341
81575
55937
644649
282679
360
367
369
116985
64411
9870
381
23647
10139
392
79658
9824
89839
93663
84986
9938
115703
80728
100130693
9912
23526
395
9639
55160
9826
27237
9828
128272
115557
50650
100271715
389337
84904
9459
10865
54622
84100
389137
84071
55130
79798
93436
79637
64860
54470
9915
406
56938
27106
410
411
22901
340075
116969
653308
55616
79754
51130
51666
140459
140460
55723
432
41
435
57168
445
28990
460
23245
55210
83858
85300
1388
11016
83734
9776
55054
89849
55102
115201
84971
10533
79065
285973
25923
84913
57130
477
485
482
91419
645443
520
390581
138234
138864
53410
100130396
23545
245973
90423
534
538
10396
57198
148229
10079
91647
84126
8455
26033
342371
222255
79000
9212
10677
60370
126859
8312
8313
558
113451
8705
10317
27087
135152
10678
84752
146712
2683
8703
9331
79870
25825
60468
9531
57597
22893
55971
8938
578
54971
27113
582
79738
166379
129880
27241
4059
8412
587
144233
590
596
10018
599
604
283149
728366
53630
83875
63035
622
724038
57673
389206
221336
7439
266675
51272
80114
637
274
332
105221694
649
650
55589
652
653
168667
100421515
658
399761
106480285
91653
666
644754
23246
79866
118426
54785
729991
286494
221927
100421311
100287229
100129259
2972
140707
283870
57795
100422268
7862
84446
100128678
388419
55643
90135
284697
114781
686
653189
345829
652963
652959
503543
54718
11119
11118
10384
646614
11149
391592
554049
729409
100128603
100422299
114900
114904
715
716
25966
26005
126567
727
23632
760
11238
340591
767
81928
9478
26256
11094
57685
773
775
8913
8912
9254
93589
783
785
27092
58509
790
57863
100526820
793
10203
643193
91860
83698
50632
8536
57118
57172
815
816
818
814
79823
57662
23125
23066
399748
822
11132
147968
726
84698
84270
79800
55259
255082
57513
840
842
847
117155
440278
57828
863
220869
644019
100130461
100421861
8535
57332
54862
200014
92922
29903
256309
79635
90693
133957
152206
79879
84865
348254
130940
91050
80071
284992
100420678
283152
550631
126075
728591
80129
729665
374864
100499483
84960
387856
90835
339512
28952
149473
80125
339829
55036
79714
284001
160777
85478
26112
79741
64925
168455
90557
91409
344709
60494
11007
79080
283234
26093
55702
257236
643669
885
6347
8900
728887
100132073
896
898
9134
79616
9236
126731
402226
390415
10693
643253
643180
57124
938
9936
51293
948
951
10849
1604
965
972
3732
401577
146059
8556
991
157956
993
995
246184
23580
8318
990
8317
157313
83461
55038
83879
1008
1010
1004
1006
1007
728642
5129
23552
8099
1020
8851
8941
220786
8999
51265
6792
1026
1031
1032
1033
441549
150383
1038
1039
1040
81620
124359
51816
27439
11189
56853
60680
1058
65996
2491
91687
79019
79172
401541
378708
80152
100130384
22994
283638
645455
84984
55125
55165
55722
79959
64793
387119
51148
375298
10715
23491
200373
55779
25790
54777
286464
220136
144535
149465
159686
255101
79846
55997
1675
142913
57530
494143
8208
645317
646572
26038
55349
11200
10523
1120
10752
101060146
92421
79643
140578
79586
54480
56994
54108
1131
57053
1136
9486
50515
55501
113189
51363
9435
9469
4166
56548
83539
22856
63922
728599
152302
85457
100131828
284106
1154
11113
4435
163732
25792
11129
23529
1181
1183
1185
1186
9076
9071
1365
6320
23274
728276
29121
130162
646609
442447
7461
79745
1197
79827
54982
2055
81570
9746
8218
23277
100132341
27098
134829
171425
129607
146223
202333
140894
84518
149111
1264
54805
26505
26504
55571
729530
245812
1272
6900
8506
79937
116840
23242
22837
1690
91949
84342
1301
1303
7373
1277
84570
136227
85301
1285
1286
1289
50509
1292
646300
1294
1297
1298
81035
23127
8292
375350
93058
80219
27235
51805
56997
79934
10699
11151
7464
10391
79585
1352
140468
285521
122867
319087
140603
27151
64506
22849
221184
131034
1371
10404
1373
29894
1374
80772
84766
283229
1384
90993
9586
1389
51232
401262
9244
51379
9696
84809
114819
23373
200186
64784
1406
1408
1411
1415
51084
1428
440359
1435
1438
1445
114788
64651
1478
4253
401914
100420253
80169
140690
9150
10217
1491
115908
9811
1496
1497
1503
56474
5476
1075
8722
1512
1513
1520
1515
1522
90353
348180
23113
51076
23316
6376
9547
30827
220002
284613
11068
606495
79901
1593
120227
113612
51302
10858
285440
1595
83528
9420
10800
9265
728294
23500
153090
117154
51339
147906
221955
1612
23604
1613
55157
80174
1624
1628
51163
120237
9730
340578
100132724
90379
80067
26094
285761
1630
341019
8642
166614
9937
64858
64421
28960
55208
123879
23576
1643
220042
115265
401533
440081
29118
64794
100133180
650560
54555
192146
100421328
317781
23586
55601
100130117
162989
50619
123099
57706
163259
9909
414918
55635
120863
9681
91614
55070
159989
1677
1687
494513
8694
84649
8220
9993
1606
8526
160851
139189
1609
8525
400126
1718
1717
79947
27294
200895
573971
1723
79154
79758
147015
9249
10901
317749
25979
56919
9704
60625
57647
56616
1730
81624
27042
27292
57609
9077
84925
729582
129563
101929222
84976
57540
22943
10395
10301
8847
79469
220107
1740
1742
9229
9228
1743
127343
11144
29958
93099
1760
1762
1763
123872
352909
54919
8701
201625
1767
1768
56171
9093
55466
25822
85406
55192
79962
54943
84277
9829
1774
144132
1785
1789
8448
390213
55619
139818
1795
9732
80005
57572
81704
23348
83475
1796
55816
220164
22845
57171
9980
1798
1802
89978
91039
55211
23333
100129460
283417
554236
349152
1806
55332
92749
83450
1815
1821
1825
79075
29940
92126
79980
171220
112487
51514
1838
285605
1840
113878
151636
23220
344595
53905
64118
54920
56931
128853
80824
150290
142679
285193
1847
1849
100873911
100873914
1855
1797
84332
246720
83657
9149
8445
8444
161582
199221
1869
1870
1875
1877
55840
124454
57593
55096
9718
9427
55268
79746
1896
60401
128178
80153
9695
55741
10085
100421829
647167
643563
387845
401717
645693
645715
646612
442709
100421865
402420
100132358
124199
100421854
442215
221838
390924
389179
441032
442429
442258
100130388
646837
100129403
642357
391698
29904
196483
60678
79645
100130771
90288
124989
374786
84455
79825
80258
80303
1944
1947
22979
51162
80864
1956
254102
10938
30846
30845
30844
126272
493861
84285
9451
283014
8663
442720
100129045
645368
319117
340947
1973
100421533
359792
341784
100421579
100421528
643873
339881
100129692
645207
317649
1980
100131693
401316
56648
143244
1993
2002
2004
2005
8178
9844
84173
91748
64834
647121
197342
129080
84034
256364
161436
400954
2012
2018
196047
2021
284131
64772
375704
84080
219670
387712
2028
5167
22875
59084
319114
957
955
57089
285203
54749
57724
1969
2047
2049
2050
2051
2052
79852
7957
2057
54869
64787
94240
26284
2064
2066
2077
285141
127254
220081
114625
55780
57471
79956
2081
56605
90952
157570
11082
9700
2101
2104
23344
6825
100132121
23474
55224
2113
2115
2119
2120
55194
2121
54932
9156
64789
9941
56915
118460
2131
2137
2138
2140
266693
2159
2162
2155
2157
158584
729041
80233
91442
728641
8772
3995
2184
51011
151313
729234
399665
284611
83640
353267
54491
11170
144717
83541
81558
54954
116224
159091
220108
285172
441518
116496
286499
257415
728640
728066
54463
162427
387071
25854
167555
202134
728215
145483
83648
26049
284069
65990
134145
400451
90050
440585
27146
222234
80013
84182
23359
54540
51313
338811
100420875
100420916
85395
729535
54757
56975
55924
127281
80256
203259
84792
84915
100128071
83986
57613
54537
60343
286460
55855
115572
81553
26240
9679
79850
92002
100421588
55793
54478
79567
388650
138311
112703
653820
728833
153643
81610
286077
151354
286042
55199
645332
692099
348926
375061
157769
147965
2175
2187
2176
2178
2189
440905
9855
10667
10056
2194
10922
79072
60493
79633
84553
10826
85302
54751
2199
10516
129804
2200
84467
64319
57666
54850
222235
64839
80028
54620
283807
26235
26233
23194
26267
201456
157574
115290
126433
23219
79791
114907
254170
130888
26272
150726
54455
286151
93611
23403
554251
26270
54099
285231
2217
23149
89848
9873
2232
55527
222894
55612
2242
2245
89846
2256
2257
8817
2252
2254
11116
2261
53834
55277
114827
85462
2272
2274
2275
29109
80206
11153
27145
286467
128486
84922
24147
11328
63943
79147
201163
90024
2318
2321
2324
55640
84256
342184
56776
91010
2329
84624
79025
64838
283226
2341
2342
2355
3171
27023
55810
221937
3607
2305
3344
2308
4303
80020
2356
80144
10023
23401
158326
100132352
84978
122786
83786
391059
23732
10129
100861412
161835
2502
2503
2504
2508
2498
2499
2509
2500
2501
24140
100302692
197258
282969
5045
84750
2526
10690
80199
9513
53827
53822
79443
8322
7855
8323
8325
51343
2539
9846
11337
2555
2556
2561
55879
4616
2580
89792
79690
2581
2582
2585
130589
2588
79695
114805
57452
374378
26290
2595
2616
647001
442231
389849
2611
642259
346085
150946
2620
10634
283431
2621
8522
5188
2628
352954
2629
26301
23464
2639
2643
2730
10985
2650
2651
339970
2653
9518
151449
2667
100420259
284161
54857
81544
50628
54960
492303
2671
9945
23163
87769
2686
84514
102723099
100126793
79018
64599
54826
64785
28964
375519
2710
79411
26035
2731
342035
2733
2736
2738
11010
144321
152007
169792
2743
2745
144423
83468
29998
23506
2749
92292
219970
2760
64396
2762
10691
26205
29925
728564
2767
2781
54584
2784
10020
2785
347687
2788
2792
54552
100418751
80154
55592
653641
653643
647042
440295
64689
63906
2239
2262
54707
2825
56927
64582
56834
7107
283554
4935
387509
151556
26996
27239
54328
11245
2842
2850
2861
81491
653519
51463
9737
2874
2878
57476
23151
2888
80000
29841
2890
2892
2897
2898
2899
2900
2901
2903
156
2868
2918
134266
79774
83743
54103
145258
55876
79792
83903
2937
79807
119391
344813
2951
2964
2966
653238
728340
100093631
84163
389524
2976
9567
85865
54676
84705
8225
51512
2979
83606
2983
728411
387036
441046
8908
352887
2995
3003
347376
644914
100287087
440093
9563
23498
9200
401494
57531
3031
84264
145864
283254
728921
441484
54930
23354
653175
93323
493812
57657
79885
100419489
9759
10014
51564
9734
374659
474167
81932
139324
55027
25938
54497
51696
143279
79654
101101692
85441
113802
283755
440248
8916
51191
55008
8820
284004
124790
23462
51236
55733
283987
55662
100874455
25988
730647
9026
7290
3009
3006
8334
85235
8329
8331
8347
3017
8339
8345
8341
8338
3097
55355
284459
3145
83872
100873894
10355
692147
654503
729595
646993
100506039
54511
643744
644498
100289191
10473
51617
284293
144983
644037
100131130
100421351
344697
664722
645691
100128836
100421379
100129920
400769
645001
100421398
642958
388275
402562
10151
100421413
389395
387933
390294
343069
100421828
100127907
402216
106480233
389322
442157
644390
645204
319134
9455
100506311
3212
3217
79803
57110
3274
64342
9394
90161
440498
326296
100288483
3292
51171
51478
158160
11077
441051
664618
541611
644495
343477
259217
3305
3306
399988
100287551
402143
79663
283320
645548
100287369
100506000
106480254
3339
3358
5654
94031
3064
30811
3364
84329
54768
81888
123688
219844
25764
200205
130026
3385
728432
3419
414328
8870
51278
25900
3428
3429
3430
2537
3434
3455
7866
55764
9742
26160
57722
3486
3490
347252
3508
492311
402665
285313
152404
84966
150084
93185
3551
10320
64375
3588
3590
53342
23765
55540
54756
10068
3556
11141
9466
3566
3573
3574
387597
100421506
54045
3614
255783
100505573
64423
125476
283899
3628
8821
3632
3633
56623
27124
51763
26173
80789
203522
285634
25896
55756
9807
253430
51194
9670
79711
100129708
100418819
64768
79781
340192
55721
115811
64799
128239
23096
154865
3654
11213
3659
3660
3665
10379
8471
79192
153572
79191
10265
140862
729920
55846
3672
3674
3676
3678
3679
3680
3693
3705
3707
3708
85450
162073
9767
3717
221895
122953
65094
23210
339123
57338
126306
3726
23189
25959
151050
2648
8850
83473
10300
9920
55709
89890
84541
7881
8514
9196
10008
23630
3755
131096
3769
3759
3764
54207
3778
3779
27094
3780
3782
3786
375616
147040
253980
79047
79734
130535
146212
54442
100422273
79070
100144494
143888
221656
84678
23081
55693
8284
79831
80759
202559
10656
3795
9897
9692
23247
285600
23240
23313
57536
57604
25758
85352
85379
340533
9928
81930
146909
10112
23046
347240
26153
55083
3797
285643
221458
374654
3833
3801
55243
84063
3815
64837
8462
651815
11279
122773
54758
55220
126823
55175
90293
80311
339451
11275
9903
64410
55295
26249
257240
10324
10748
9757
8085
387893
85442
9735
11133
3844
84626
124751
374454
90133
728638
200185
8844
112970
883
54596
79944
112849
246269
646808
3903
284217
3908
3911
24141
106478910
389386
9215
644578
554354
23395
143903
150082
253558
9836
100190799
158222
729666
100289475
3949
753
26119
11061
7044
389170
93273
3953
3956
163175
55366
10184
64077
89884
64211
8994
132660
205251
100287569
285908
642852
100133205
100131814
284029
100506697
29092
150759
151477
100128782
147525
728855
100287765
100506433
400680
100506930
100505576
100499466
106660612
254312
57234
285286
339894
100302640
401106
100131434
100272228
283143
283663
400946
401074
440993
100128822
100216546
338799
400955
728537
388685
339535
339524
104472717
92249
100505532
285084
102723775
646168
149134
100996511
400945
100132501
105373144
101927217
101928062
100506119
101928913
54944
84536
203414
101927957
283551
101927067
84894
158038
55180
3988
3991
9388
51601
387787
128077
3996
3993
81562
64327
92255
64788
91289
89782
4005
4008
25802
22853
348801
222484
503693
9361
164832
4015
4017
84695
80350
1902
2846
10161
54947
10162
64900
9404
57622
78999
145581
4035
55805
4037
4038
4041
91355
122769
390205
9684
10234
55222
123355
81543
151827
651250
374819
55073
114659
127495
64101
201255
94030
115399
65999
100130742
221424
400891
388886
84230
341883
127255
120892
10446
54674
26045
80059
90678
220074
222229
134353
124801
647302
100130178
286006
4047
1241
8425
4055
541468
80741
4067
130574
201229
388695
145748
9762
4081
10586
28992
140733
23764
7975
57692
100506898
90352
4117
114569
340895
10892
84441
284358
4121
57134
4122
23324
4123
54627
643246
55201
5606
139201
5607
4296
9020
389840
4215
9064
1326
4293
5871
79929
9053
256714
6300
5603
225689
5596
5598
9479
23162
7867
23005
22924
4137
64757
54996
55016
441061
51257
115123
92979
92935
83742
22983
23139
23031
4149
115004
151963
8932
53615
114785
8512
255374
153364
55796
4163
64087
84693
4168
23101
254394
57192
79772
100101490
55013
161357
130752
286239
10873
51102
9968
9282
10025
54797
9477
9439
9441
55090
4208
4209
1953
284071
4241
51072
4221
56257
10461
59274
4233
254042
4234
149281
751071
51603
196074
25895
79091
84190
64863
399664
4238
9848
126321
84641
84278
388931
113655
84975
256471
84804
4247
4248
11320
11282
4249
4255
100507436
57553
85377
79778
286097
11043
125170
54531
84895
60672
84864
100507316
50488
4285
406920
407975
406962
84981
101928469
100616193
100616323
84848
693201
102465492
101928736
693235
4286
83881
57591
54903
4302
166785
25974
93380
4320
4324
4313
253714
4330
84057
4335
81532
126308
79817
4337
27304
7841
84315
10934
79906
283385
4343
26002
9526
84954
4355
4356
255027
22808
4362
55686
84245
55178
727957
140699
6182
51263
359740
359739
51373
51116
100885866
100887750
347705
10335
4439
55167
151507
4479
4481
4482
51734
4485
11209
55154
645652
9219
27085
107075141
123263
51537
113115
92170
26164
4522
4523
441024
4524
10588
64779
4534
8776
54893
54545
64419
9108
339483
100887749
100293090
25821
2475
9617
100462983
100463486
4552
92154
23281
79594
347273
4595
89853
4597
4598
4084
83463
25878
439921
4602
10514
4603
4605
26292
84073
4610
4613
4615
4618
4629
4621
157667
4635
4636
54043
100431168
4638
80022
23026
399687
80179
4642
4643
140469
8736
58529
91977
339344
745
7593
90634
23138
29104
79903
27163
254827
4665
64859
23148
651144
112939
138151
65220
133686
55191
4669
51172
162417
203245
340719
140838
100128894
4674
266812
8775
63908
222236
79731
9
339983
26151
256302
729177
55672
100132406
200030
149013
25832
401967
101929780
84224
400818
10230
4685
9918
100421096
23154
57552
4690
57701
51517
56926
374383
55706
54820
79625
57447
3340
266625
91942
100128711
100190952
100128596
4703
54550
63941
5818
4734
4744
257194
79661
55247
152110
100381202
341676
140609
284086
23306
100131211
10825
54492
23114
4772
4775
9603
4774
4781
4782
4783
4791
4793
4794
64332
9054
4800
25791
4804
414200
340527
4811
60491
100270648
100132796
4814
152519
55335
79570
158801
105416157
28512
7080
644524
4825
54475
22871
54413
338323
55655
79671
4828
441238
283458
9111
64802
54981
10874
4837
79050
25819
10392
9241
79159
65083
402191
23420
51491
4839
106481967
161424
115677
4851
4854
4855
4858
4861
4864
79716
261734
100874381
55666
10836
10835
10829
10828
4871
390411
100422312
399804
100131478
100128985
729686
4875
10360
255743
4882
10641
4885
23467
4852
4886
4889
4835
7376
10062
126382
3164
8013
2494
100506668
340371
4899
10718
4900
4901
80023
9378
9379
9369
50814
4905
8439
26012
100420557
387338
55695
155400
51559
56953
100420307
4908
4913
59277
4915
4916
4922
81788
170685
25961
200035
390916
84304
11162
283927
254552
89761
9253
23279
23511
23165
23225
129401
54830
4928
116150
128322
91775
11247
55916
57523
220323
84033
79629
100506658
4952
128506
440836
79701
11054
79627
11339
93145
25903
56944
90271
115209
4983
23596
93129
4998
5001
23762
114879
114880
114881
100130038
127700
64172
734
202459
645264
78990
220213
360227
55593
90268
5013
165140
339229
92106
54995
5028
5032
55214
10536
389884
170533
132430
140886
29993
29763
55824
79447
780814
780813
400961
10298
57144
56924
342979
25891
255967
53354
55229
24145
196743
11044
56903
124222
79957
85315
117583
50855
728407
5071
54625
54956
83666
55010
25973
29780
23178
5080
55872
64081
5089
80714
5091
100506696
101928099
84105
54039
5097
57575
83259
27253
57526
56144
56143
56142
9752
56124
56123
56132
56131
56129
56127
56114
56106
56109
56099
5098
84759
253272
63935
5106
392454
100507361
399909
5118
54760
5125
58488
9468
84306
100527946
100527947
646278
285359
644850
10846
50940
201626
5137
5140
5143
64146
5154
5157
10954
5164
5165
9124
27295
8572
54704
57546
10630
57107
109731405
57595
157310
55825
57161
246330
10400
8863
8799
92960
5193
5194
5195
9409
5824
8504
5830
51555
5190
5191
5198
5208
730138
5222
5224
192111
93210
267002
161779
5228
653895
5233
5239
9489
221692
390730
653441
80012
26147
51533
5255
5256
5260
5261
22822
23612
653583
23239
23035
493911
254295
55361
55300
728233
196500
9463
55367
9780
80119
5277
9488
5282
23556
84720
9091
55650
284098
120379
5287
5291
113791
30849
29992
29990
5292
415116
728758
65018
390940
54984
5305
79837
8395
23396
138429
51268
26207
9600
83394
5310
353511
27039
91461
9088
5585
29941
100420258
23659
11145
5321
5325
5326
5329
79887
196463
5330
5331
113026
84812
55344
345557
5337
5338
5339
144100
58473
79666
26030
25894
57449
57475
79990
9842
440456
23207
389072
80301
440503
5347
1263
10733
8985
196051
403313
163404
5357
5359
55558
23654
10154
23129
5366
56937
83449
5371
23203
5379
5382
29944
84968
57469
4860
57104
80339
10908
100288506
25886
50512
23509
23649
5424
5426
5427
5428
11232
5429
27343
27434
353497
10721
25885
84172
64425
548644
10622
51728
5442
284167
55624
84892
84197
29954
22932
10940
64091
64208
64840
25913
728378
5453
5456
25845
56342
5465
5467
60490
8499
8497
5486
134997
5480
10105
9677
5493
8493
22843
9647
57460
4660
54776
23368
10848
94274
100507617
81706
84988
170954
5502
151242
9858
220004
284352
5507
5509
90673
89801
286187
84687
5533
55370
57718
100506012
23082
9374
80148
54896
130814
84279
56980
56981
63977
63976
11107
153768
10650
57580
80243
166336
5558
201973
5562
5564
51422
5575
5578
5579
5580
112464
5581
5588
5587
25865
5616
5618
54496
90826
101867536
10544
8842
80209
254427
148137
5634
55771
57479
51334
80164
11272
55615
79899
7916
5638
79057
79056
80863
285368
8492
10279
83886
158471
5662
5664
5681
100131775
79055
326617
5687
729412
130700
5700
643668
170541
280644
317753
280637
100422411
5715
338099
338098
84262
84722
118672
9050
26024
5727
139411
11191
9317
5734
100885848
5740
2185
5754
5758
5761
728873
5767
11156
138639
26469
25930
646981
5774
84867
5777
5791
5795
5798
5802
10076
138428
10744
26255
5806
29942
80324
150962
126789
5817
5827
5829
5831
65263
5834
5836
90780
79912
84795
5768
169714
81890
9727
26056
201475
376267
53917
5873
5874
11031
10981
83452
9609
23682
54734
57799
115273
51560
51209
79874
27342
5875
5877
11159
11158
285282
5881
9207
131185
5888
100420047
5890
5892
5893
25788
8438
5883
144715
55698
10743
10742
9649
10267
57610
64901
5907
5909
23108
5912
11069
51195
65059
5914
5915
5918
5919
22821
51655
221002
10125
91608
11186
9770
283349
8045
55225
642954
100420527
727842
79863
64080
5933
54033
64783
282996
23029
55544
375287
129831
5939
100132808
391804
441391
100132580
348093
10231
1102
1104
81554
91433
9986
10171
442234
157506
112724
5959
201299
8434
9401
9400
65055
80346
92840
5970
768211
84957
161253
5973
9185
85004
389075
57455
5983
317671
359845
5986
91869
23180
130132
5989
64864
28984
56963
285704
727851
5996
6001
10636
26575
100128628
10287
8601
26166
5998
388531
84236
64285
121268
83695
23221
29984
54509
391
399
319093
730041
107075307
114822
158787
26150
57589
284485
83547
353116
196383
54031
100422371
9783
9610
54453
126432
60561
53820
84934
6019
151393
106480498
106479390
106479468
100873417
284203
390766
440400
6041
27289
7844
55298
63891
54941
84282
9781
220441
115992
285533
285671
221687
91445
285498
200312
154214
64320
6047
100506872
51136
55328
57140
643446
64221
4919
4920
6096
6102
441212
26015
729608
9501
79897
54913
10799
388394
57521
113000
27079
84881
6236
64121
6237
6239
6241
730092
51093
23223
91695
9136
23212
55316
100129755
221421
6242
219790
6253
84816
65078
146760
25914
9711
154661
9853
10069
25950
100419903
6257
6258
6260
6261
6263
6282
140576
9294
1903
29901
6299
90378
148398
148418
201191
161394
23034
25939
442060
79685
89958
1757
23098
84324
23314
55776
22904
58506
113178
192683
51435
949
619383
152579
22955
11280
6328
6330
6331
6334
9997
11341
23513
57147
400836
6382
9672
27111
100131656
10807
644096
255812
728609
221935
157708
729799
23541
730005
26984
9632
25956
81929
23231
83642
7869
223117
9723
10509
10505
9037
54437
10501
10500
26168
123228
1731
106480343
100873333
5414
317774
100418735
23176
84947
26297
387923
1992
5271
5274
29950
83667
9739
23067
79918
57108
133383
389217
619349
646817
170548
51460
57713
6423
253970
118980
94097
6445
6446
157285
23678
124923
259230
166929
151648
81537
6448
10603
10044
63898
6450
23616
6452
9467
80851
152503
79729
6455
6457
56904
153769
26751
81858
6462
399694
79801
56961
90525
153842
387914
149345
729993
23729
357
57477
54414
51092
59307
23309
6494
23094
23410
23409
51547
6496
51804
147912
220134
221150
6497
122060
8273
84068
6560
57468
10723
84561
56996
64849
26266
6565
121260
117247
9122
9121
9120
9194
23539
6573
6505
6507
6509
6510
6511
6575
55356
6584
9962
57419
283652
1468
10166
60386
788
89874
79751
79085
114789
81894
253512
84275
399512
100128618
55972
284439
203427
9673
92014
401612
65012
1836
65010
376497
11001
11000
10998
28965
64078
3177
55315
222962
81031
154091
11182
29988
7779
55532
64924
55676
169026
1318
10559
7355
55343
339665
222553
54733
148641
54978
80723
206358
124565
55089
145389
153129
201266
91252
23516
6519
30061
84102
29015
204962
57210
113235
55652
100288436
6508
8671
9498
55974
159963
55117
28968
6533
6541
84889
8140
9057
23428
80024
6548
9351
10479
84679
23315
150159
133308
6579
353189
133482
55106
146857
6586
114798
139065
84464
4091
4092
57228
6595
50485
6603
6604
100271884
442233
105371564
140775
100506060
23381
55181
56006
388588
644538
399668
644596
221710
85027
643008
100287482
6606
6607
6608
64093
54498
55627
6525
342527
57154
10322
8773
9892
6618
6621
9627
283596
388796
100505806
100507303
654434
105376843
735301
692205
54861
119358
414153
100874413
100130932
6640
6645
10073
29916
64089
112574
90203
83891
92017
254122
257364
100131940
29886
6646
8651
8835
9021
9655
101060005
140710
54937
10580
10174
114815
57537
6652
65124
9580
6665
6658
30812
3431
93349
6668
389058
147650
11092
200162
10615
100505741
9825
202051
79029
147841
57405
23384
10290
56848
169981
84501
9806
6697
200734
84926
283377
80176
84727
6712
10558
165679
6714
80725
6715
79644
6720
6721
647135
653464
100420752
153932
653226
54021
136853
8082
6752
100131961
145165
400410
6487
6484
8869
10402
6480
27090
30815
6489
8128
51046
7903
10734
442582
442578
57559
55620
90627
57519
26872
261729
6491
6793
6794
114790
9262
8859
202374
282974
140901
27148
83931
169436
100506685
100289663
2040
9399
90529
64220
55437
85369
57464
29888
412
6804
6813
134957
9515
29091
728938
283398
51684
79783
728706
6817
6819
25830
285362
474338
285829
387082
25777
6821
64420
26032
9766
6839
440423
22987
375757
126074
55638
100130958
256126
221711
85360
8831
9145
9143
8867
23336
341359
255928
127833
6861
84958
54843
94121
84447
23334
10454
257397
6866
10460
117143
93624
9015
9013
138474
6874
6875
6877
27097
10629
129685
51616
6887
132001
85461
128989
79613
9344
6892
202018
440142
50840
50832
55617
728737
9797
6901
83874
26000
54662
79735
55633
57465
4943
23102
23329
93594
9882
11138
54885
23158
494540
494541
55171
219899
9755
90665
10607
9238
9096
6926
6916
6920
170082
100462880
283747
246717
6941
6932
10732
10312
6948
140290
55346
255394
647047
6991
200132
79867
55775
23424
11022
100124696
9895
9524
7008
79736
27285
9894
7011
146705
283523
26136
54997
7016
10420
9633
55852
441687
122046
113419
93081
401014
260341
7023
64216
29842
7030
7037
7040
7041
7043
7048
9392
55145
56906
57215
100422711
399774
100422712
90326
285872
199745
9473
79896
55258
84321
7064
391524
7068
102659353
391276
7070
7074
90381
92610
57103
201798
81789
91151
26519
29928
100652748
90580
1678
100874417
7078
114609
93643
9414
7083
116238
727910
7089
79816
553121
83660
53346
53345
10548
100101407
64114
79838
79905
57458
255104
55374
8577
23671
55273
54868
113277
66000
79073
375346
11070
89894
83862
144404
80757
128218
222865
114795
65084
51524
55260
55314
129303
441027
441151
201799
84187
64418
100113407
80775
388021
130827
84548
79134
25880
8269
147744
84222
645426
130612
440104
645369
199953
94107
54867
51259
388335
84065
79064
79583
642987
56063
85019
84302
26175
80195
55026
64417
203197
57393
140738
55116
90407
93109
55092
113452
148534
80021
9725
55362
169200
157753
84910
58986
51754
9772
106480320
55217
29767
100533619
9087
160335
83590
126282
8795
8793
4982
51330
115650
7132
8718
8742
7292
79155
10188
7138
84629
7145
64759
114034
10043
146691
84134
401505
4796
116447
7156
27348
27433
64222
9760
84969
58476
112858
53373
219931
91978
729708
286016
27010
147804
644566
7172
400650
11076
51673
131601
101060176
286262
8460
100421480
643870
80305
129293
388630
7186
10758
7189
10906
10293
9881
646193
126003
83696
1787
10345
55809
11277
29953
10221
57761
9865
81559
9830
10626
147166
6737
7706
10612
22954
23087
56658
80263
80128
286827
117854
201292
9866
55128
9322
9319
51531
55621
93587
55039
27037
152992
115708
55006
388610
10024
7220
7222
7223
54795
7442
59341
8295
7249
80746
80705
254187
57616
25987
55815
83882
441631
26262
90139
144448
340348
7102
10867
706
9256
128854
650368
7263
100130890
79573
199223
153657
79989
55622
64427
130502
55020
158219
7268
253724
222052
57217
145567
23508
9654
164395
7274
83869
57348
7275
113691
399942
10382
84617
92755
51175
27175
85378
645668
7286
7287
100507043
286319
64852
780776
51030
201158
261735
7291
56652
51061
54957
93202
10587
114112
7297
494514
7301
219743
55253
441250
199746
122837
100130239
100271343
124402
84959
7315
23668
326105
100129983
283711
100130139
51619
118424
7333
27338
440406
7335
100421341
7339
89910
9690
8266
22888
56893
80019
127733
7347
83549
7371
55293
167127
7368
29128
80329
25989
54986
10497
219699
57578
285175
81622
147226
147150
139596
442454
9875
9816
55665
7391
100288307
254700
10869
9099
10868
23358
84749
57478
84669
57558
84101
159195
9098
100287272
10090
84135
57654
55697
6843
8674
10791
8673
81839
57176
22846
114990
57687
10451
79609
642585
10064
359800
341965
7423
647319
389136
100130535
63894
5212
7436
400673
81552
55187
64601
57617
100421731
112936
26276
55048
155382
9605
54621
147645
7447
196740
391559
7448
64856
23078
220001
10352
100287171
54838
51057
91833
84219
79446
253769
114987
57539
22884
10785
11152
646086
9277
151790
348793
54853
54554
284403
126820
144406
23335
256764
79968
84292
349136
197335
29062
116143
56964
151525
23038
55093
10406
7466
440253
25861
7456
644150
55062
58525
7480
7482
7473
81029
7479
55135
23302
126374
23286
51741
339843
11060
56949
100996851
389610
286046
55113
57510
23214
170559
7517
387703
389901
143570
64131
64132
442266
54059
54432
78992
79693
400209
100422666
649395
55249
79740
221527
7541
7709
9278
7597
57684
79842
403341
9880
84878
140685
92999
3104
166793
10773
51341
653121
728116
729898
79696
84872
643136
340554
23144
92092
55906
644353
219654
55063
152098
29800
79844
653082
79683
158866
84287
84243
51201
730239
283576
254359
25921
29801
150244
10444
130617
93550
85446
162239
80108
140612
124961
7538
55734
339559
65243
284406
7542
23217
53349
84936
23503
118813
100125288
55345
22882
23051
7546
7547
85416
284307
342357
80317
387032
55888
7745
83637
9203
9204
116225
7556
94039
163071
7691
7692
7694
7695
7561
7701
7710
7711
7564
7718
169841
7565
7727
7728
7566
7733
7569
7739
7567
651302
7753
7754
7755
10520
7988
7760
7761
7762
7638
7673
7766
7768
7770
7772
7571
7773
7775
353355
10780
9310
8187
219749
58500
286101
10172
9422
10781
10308
10838
92822
7576
55609
54816
8427
284349
26974
729288
57336
90075
57343
282890
57567
399669
79692
25799
388569
79673
63925
80778
79175
25850
23567
22891
195828
84911
171017
25946
151126
346157
55893
252884
57541
342908
55628
79797
7592
84330
55659
147687
147686
147923
155054
353088
80818
220929
90594
126070
79973
10224
55663
203523
7596
285676
10794
92283
90333
388566
25888
220992
642819
57474
126069
84838
26048
22869
57473
130557
340385
170958
116115
84503
57711
348327
147658
9745
163255
125919
339327
284306
147694
256051
162972
79818
115196
148254
79230
84527
147741
93134
147837
163050
147929
148266
126295
51276
137209
126231
64763
79177
84765
147660
163033
51545
147948
201514
92285
54807
100293516
51385
9640
84622
152687
169270
146434
90850
162966
84775
162963
79898
90317
285267
9831
57547
90589
121274
9726
65251
115950
26149
401509
7617
100130934
79788
79759
93474
79891
79894
641339
339500
127396
57592
146542
115509
7620
51058
55657
57116
79943
90874
374879
7621
55762
79986
80139
286075
58491
374655
349075
100131827
255403
440519
654254
728927
100129842
283337
155061
65988
388567
7626
7629
388561
284390
92595
79970
79724
58492
51333
400720
342132
285971
284309
27153
197320
284323
163115
158431
100289678
147808
146540
136051
126208
388507
7633
126375
90576
390980
347344
126017
401303
55552
374899
162962
55778
284371
91664
162993
7639
342892
285346
54753
643641
642280
345462
169834
100419709
7643
7661
57169
741
80862
223082
284312
9753
54993
7579
7589
222696
221785
64288
79149
90204
140831
65249
23053
158586
79364
23140
2
8751
29882
27063
6315
633
651
761
727677
147372
8646
149461
10256
1271
1305
81578
91522
79007
64180
8193
1816
390352
1932
647030
646270
790952
2166
2255
2348
2566
54762
2891
727936
9001
55559
64399
171559
100130009
3176
3198
3352
126119
3739
3751
57608
3834
28999
200634
197021
3955
3982
101929769
100506465
100131138
23566
130576
11184
4145
55384
442894
4493
4494
100289404
107075117
401825
26257
440345
100129237
100289584
729342
442006
100130233
11249
169611
389537
56110
26577
5156
200150
56341
51285
54715
100133206
6035
388591
56475
860
51540
642658
53358
63027
6641
6649
92369
338596
148281
7004
79875
84948
7134
285412
284076
1890
55237
9942
201181
116412
9429
25841
43
55289
93953
6296
100418921
89
9507
575
221188
64123
199800
196
199
55057
100216487
84335
8659
263
340120
63982
3730
100652899
290
314
316
10053
187
342
116984
55843
57636
393
50649
646450
115761
387684
101928788
132946
221481
415
51676
253982
100127952
23130
645440
100507097
540
51761
6795
283358
80115
255877
627
92558
638
101669762
729096
652961
762
768
777
55799
782
59284
59283
794
796
797
84254
6650
10753
29775
841
255057
23624
90060
115948
149483
83643
645859
732448
729440
887
10309
2826
100130481
958
960
928
978
55561
999
64403
1001
1002
8814
1951
9350
1139
23152
548596
1159
100419056
24146
137075
125875
161198
9976
54102
340204
389383
100421338
124817
1302
1307
1299
399948
118881
101234262
57699
27132
55118
1413
1419
1421
1427
114784
8029
1592
1594
29785
54360
112597
266917
168002
747
139170
91351
64798
91319
26220
9162
27120
9940
65989
26052
1844
1780
100129739
729630
1906
1909
1910
319112
100130211
100874491
100421756
100130260
64800
151651
1959
1960
390394
2000
79993
2014
23052
2022
54566
2041
2065
100420612
54845
6824
254013
2116
2118
100151640
2150
2170
2171
64855
388581
100132916
729085
158228
83723
140876
440078
84691
644815
55711
355
2203
26232
343332
90342
389549
2246
9965
2250
100873790
8928
2497
729009
51083
100240709
2619
2622
2637
2735
27165
132158
51291
100270790
100130060
2796
127845
2811
2822
100302689
2843
2827
63940
57822
2974
100689229
3037
3038
3040
1839
414764
83933
23493
100129086
59269
100506595
3162
645940
389674
646956
84525
84842
60495
3269
8739
9953
222537
100420080
389792
8519
3479
3489
9641
53833
3563
729101
105369987
83729
11185
387755
3669
64843
8515
9452
80271
3710
150771
3714
3718
3736
3745
3757
27133
30819
3770
56660
8645
9424
65987
643535
3791
9764
90990
83855
56062
5655
5653
10219
346689
79412
360019
391827
441160
3902
120071
3931
116842
3958
340596
375323
129402
64130
100188953
751580
400619
440132
283981
285401
170425
389634
102606463
101929344
100505683
101927621
101927667
724087
100505929
100287225
4004
114783
84171
9227
219527
57554
347730
256586
346389
4125
4294
4151
4157
645927
102388891
196410
4239
4242
79847
146664
102724827
9645
4277
406981
407003
104457406
100423020
4327
4318
148932
79922
642475
64978
359766
359767
118490
4503
100289371
4515
100463489
100463498
4585
4599
4600
4606
4609
10408
79784
645094
23218
1463
84807
4808
22795
4821
4831
23057
27231
4862
642778
440348
100422259
440902
100128410
100129067
100422261
100128903
100129972
100129795
100130606
392428
283869
9572
441478
728381
145957
152195
4985
4986
10819
100874387
161725
728361
728773
27143
101927423
89932
5069
54852
56135
654427
5141
23037
494150
548599
7262
5293
11040
114780
442156
402116
5327
5328
5336
257068
51090
8612
5362
55163
127435
5452
5460
10891
133522
170537
170539
147699
26051
153743
5544
639
63978
5554
145270
5593
389333
5961
5652
57716
100130923
5696
5698
9051
5744
5753
5760
5820
29108
54814
57111
326624
286472
402183
5916
5923
5924
54922
30062
146713
116362
57333
145226
5971
387849
57139
54894
286140
100131998
284654
349667
6275
27164
283726
286133
117156
348303
23679
57715
8482
5272
5054
56256
642869
124925
84251
129049
10019
10045
400745
6456
6461
388336
140885
4990
63910
6571
83733
344371
10999
8501
85414
83959
6536
6543
121456
10599
28232
81796
440354
27293
219537
103091864
79104
724102
692227
692058
26822
94162
8926
79856
6656
221833
353324
132671
55064
100131250
6691
6692
83985
90853
6696
399473
81848
6644
8406
222183
6736
6776
256227
92335
55061
6854
163183
11346
57586
94120
94122
6890
6891
123036
7045
7066
80731
399520
7079
257000
27134
11322
9911
25907
84286
399474
162461
126259
7113
360200
3371
7127
7128
8794
8711
222699
8940
252956
751599
100131268
100128483
102723852
10346
55223
23555
7277
7307
102724594
100128617
170556
133688
201294
11045
27005
7425
7429
50853
389246
7450
64409
124997
11197
54739
7498
647051
246737
80149
57623
132625
7549
7568
342909
147807
100507290
84891
9625
2180
51412
8038
11096
108
84873
153
57491
22977
220
238
729198
9068
124930
100131031
8120
57569
64283
100506084
87171
389652
478
491
2583
602
340542
27319
79365
635
654
9024
728819
10882
114899
164633
774
776
79012
869
645158
23492
221262
886
401145
11314
10435
51286
283848
348807
257177
653275
728324
8534
64377
53405
64084
157807
169044
84940
132864
10814
23418
641457
1465
64693
119437
642909
399697
92196
51473
23109
22898
54769
1749
1750
642797
1770
92737
1804
1813
1834
78986
100422254
64641
253738
1942
1999
83401
55068
2046
115704
23017
51059
642938
25817
152756
196792
131583
54855
339145
146330
2229
654466
2354
2591
11227
2587
84253
2624
2668
2775
283685
643699
2813
151306
115330
1880
8111
64388
2946
2949
101926918
3060
84667
3024
3012
8969
8336
8344
8342
8363
80201
100129919
728776
3199
3213
3214
9951
3623
3624
3642
80760
8629
9312
3746
30818
100652824
124602
84634
3816
3897
144811
3909
10637
55203
3975
645323
100874188
157627
149837
400084
375295
100506421
441389
53353
441381
644397
4061
4062
4128
23542
4237
25834
100462954
100500872
100505738
100271918
7681
254956
4547
4582
9961
9172
4661
23040
259232
342977
24142
89795
56901
140825
58158
4807
79815
349565
8715
6134
10811
100288332
729978
10361
4929
51299
140767
84628
79873
57495
222950
57624
4948
3175
390874
56914
5024
135138
54873
164091
56138
56145
56125
54660
56108
100422595
5121
27344
5833
5178
5179
375189
116154
5309
5355
54886
64748
5455
5457
8541
132160
10842
5526
10216
5582
101929293
5799
170394
221749
11264
25837
9363
5864
387496
644943
375316
10740
729857
6000
162494
100462810
23504
106481762
79589
727800
27156
84870
10900
6277
10590
6335
124404
5345
6557
57084
6506
10991
57835
84631
440087
100507341
64094
6615
6616
6623
54212
26206
54961
6750
6769
9754
9899
6853
6863
6870
340543
7062
221400
7007
83659
55901
220359
92293
55365
28959
256130
348013
79041
84000
100616668
7200
7224
79054
85453
134111
23025
340260
2277
146177
7476
114786
219539
170261
286128
7757
89887
163223
730087
388523
57643
80325
26027
111
100132380
200810
440482
40
728611
149478
728
730
377677
51063
100421943
84660
100128459
11126
11135
1016
27254
285429
196385
84677
285596
100422535
2296
486
79153
2732
441124
100507462
85236
8367
100996501
100130660
93164
442338
102723508
3741
3749
114818
114792
148645
283487
100862704
401321
100507501
136332
266727
85001
91807
51168
4542
100132681
347736
10886
101928904
83714
10039
5077
5280
8398
439953
100507444
29964
344405
5769
5896
106479396
106479524
57758
201232
126969
6522
100422558
245711
441272
23145
80765
285966
100873786
28755
7185
162514
91544
100128525
7483
133923
493821
57232
283933
53947
344653
79575
10863
80332
57188
150
55966
144193
645784
380
397
728377
7984
9914
390424
525
343515
631
149428
683
132556
283631
92291
286207
9075
1366
1293
57175
100288463
1545
1577
646378
1747
10655
100420003
55531
84141
441168
399823
8326
2567
339896
117248
50614
2625
390637
54438
2690
100131281
26585
100421431
100421794
64135
391526
3481
3589
3748
3750
100996930
100505865
100506385
79705
4054
653639
102467146
91862
55283
4222
317751
642587
79083
10205
116535
359745
137290
4495
143662
29895
4645
4647
645996
4824
100286929
203447
387924
4978
100420591
56666
344838
5088
27115
401
84647
7941
10761
219348
91584
5583
51450
5623
106480775
646758
5837
5697
10235
100421131
5649
9628
54101
106635535
127544
284288
646260
6337
56920
5104
100856878
23758
85358
134549
6495
9376
341880
132203
84690
124044
55304
55240
646520
100421648
10388
79953
4070
643503
7010
7022
7056
84283
7125
7139
54863
220115
390595
7379
155368
65266
54361
113763
254887
23414
129025
144568
103021294
10058
1244
145447
23205
68
644961
88
11095
113179
117
30817
10149
136
134265
174
100127958
51327
150209
51151
100128817
106480306
236
126242
8644
246182
730086
442131
239
259
286
170961
338440
3734
140564
23237
58504
201176
23779
64333
445328
390844
441131
408
9048
438
643159
57194
100287755
100505704
79369
93010
100885775
55024
55509
63827
53335
64919
79370
8553
146439
100421704
100652796
1620
54836
771
91768
94032
84433
146206
843
857
858
874
387707
285025
643677
374355
160762
101928991
10344
56477
140706
895
645121
135228
912
919
64866
60437
92211
392265
1046
100419930
10669
55584
10164
1160
652904
5010
390363
1201
100132332
1295
78989
1356
1369
151835
119587
92359
83716
1414
200575
1474
50624
2921
6374
6372
124637
157317
1583
1555
1573
260293
642776
359774
100129009
85443
100129640
79958
25786
79132
148252
58512
373863
1794
135656
1800
1801
1803
151871
359787
340168
51207
391012
100381215
8291
1842
23644
80820
100129866
106481691
728698
646171
8637
2016
953
253152
55040
2078
80004
83850
64850
59271
90332
2160
2161
8263
729163
2172
100128043
729610
150368
642273
79843
285016
27112
348378
729830
221303
9413
151647
389119
399656
100128781
54097
9750
729533
149297
222584
113828
391174
83416
401981
91893
553112
152273
26281
2253
2264
84929
642489
643988
163479
8061
27022
23105
100420300
100462794
220793
2523
2524
9568
2554
2558
2569
9514
79623
11226
170516
389970
391367
441572
729493
2601
729403
100132601
2613
442262
100505592
100419764
729438
2638
2645
51301
9573
51608
2675
2678
54810
2698
2701
349149
89944
112937
389741
256710
2793
728477
84803
23171
170589
10457
114787
9721
392281
441481
2886
2895
2914
83445
653689
121355
2984
653188
54049
100462795
3049
3059
348980
10021
10870
23072
10086
8330
8332
8970
8350
8353
8355
8357
8365
10357
100130561
100419996
100129706
319130
100128227
100419947
100420063
645201
100132863
100419972
644502
3167
3174
100421424
100421395
643689
3248
3249
10855
117245
9957
9956
9955
266722
3291
8630
730211
26353
644016
54047
100132346
106480255
3350
3359
3363
8372
3383
3620
126917
340198
163702
79713
27189
26280
53832
51561
83444
3664
389293
100287193
3675
26548
142683
23338
152789
84502
256949
170850
3781
386617
126695
9674
57576
147700
127707
57565
26085
11202
3818
100420843
3876
643471
344866
390418
343326
646723
284085
3855
100418737
388533
283455
3898
3910
3918
10319
645900
107075219
3932
3936
3937
100190800
100131934
122199
79854
647166
106478991
100507428
101410541
100874261
554279
100287314
387723
401232
100507173
100652853
102216342
100652736
100996702
108570035
4023
79414
79442
116135
347731
100303745
27076
157713
11178
130951
8174
158056
149175
4217
80327
8785
154141
255231
100873985
84935
728556
4223
25840
728996
84879
407022
407040
81571
197259
51085
4311
10893
64386
55034
4354
359737
221717
137406
359763
64951
286423
692094
4496
645745
4499
140851
100420621
107075310
107075270
442098
55613
100463488
100463482
4580
4584
4620
100422437
58498
93649
196446
25924
645108
79923
404635
388112
27158
100306975
100128889
81832
442290
4815
646392
91662
401010
4838
408050
4842
4843
4846
344022
4868
10833
100422313
100422272
4881
375387
729148
326613
256646
55753
106479059
26254
10821
58495
5026
780810
51025
64761
101978785
56147
56134
91523
255738
5148
5161
326616
647307
100132594
342705
100130579
391044
100418804
9796
118788
23533
150967
11187
50487
8605
26499
79156
55200
57088
100506715
5409
150379
84820
100422395
100422391
5443
5462
642559
645682
5463
653505
140913
5483
5485
121981
392285
246731
333926
84152
100420927
389935
100421295
440525
284338
5639
729779
5699
345645
5724
5732
9536
260434
730016
64284
401409
5880
100128880
100130621
100128266
8437
100130603
100421047
285613
5979
144347
401190
79651
171177
6014
106479205
106479413
100873478
100873686
7732
255488
100132467
100272220
729020
85495
100420159
343637
132112
80183
6262
140700
154075
344988
645313
6323
6326
6329
9717
64218
6406
389873
729399
553148
6318
326277
642737
100419178
2810
9047
6503
201780
51296
387700
80704
6582
440044
25769
442525
138412
6517
7781
92745
55630
50651
200931
113278
6538
9056
28231
284422
333929
101290500
100505616
677826
594838
26765
692086
100499258
100129566
100874414
54221
347454
83595
11262
8404
6689
54466
100861435
100130799
646213
643310
6768
29906
342667
6770
112755
55359
100127922
203328
6847
6850
8224
284612
84258
55357
50945
100421350
158931
6939
6997
6998
56165
732253
646359
646316
7015
56155
390816
7058
645381
7093
116441
147798
121256
284339
646360
728229
401498
221468
643382
219623
123591
161291
339456
388730
144110
724059
28983
7116
100233198
7130
8797
8792
943
8600
64102
402643
653758
100421439
28638
51127
91107
57159
205860
128229
203062
22996
7273
647000
643224
171222
389898
100288613
221044
402682
83878
11274
124739
8433
27287
79674
7433
653440
645638
127086
100422546
442459
51087
729566
131540
7712
442240
162979
84905
118738
729747
7784
342945
267020
100129736
100131740
343045
100132911
100130631
347673
83715
337873
442661
344741
664721
729423
441026
100128061
148818
653364
646910
100292290
10834
100287472
4884
26212
5004
319128
100287630
3186
57402
100128536
100288661
256536
105375355
