84945
58527
62
642443
56985
541
723972
646791
23519
100505854
646348
729790
414
504
645560
654480
246723
359997
53409
92270
84002
100421045
731605
389416
319138
647076
652960
151579
644877
802
804
806
807
401237
100420689
645251
100147811
644101
100151661
391739
644131
643751
100505876
1061
221017
79094
53344
51287
81993
100507102
100289170
285849
9384
1348
9386
126129
161635
100526776
1498
404217
83530
645084
1661
10683
644588
644589
548645
319111
374946
728532
100506710
54054
440595
644604
133283
100421796
1934
644820
126037
93556
280661
730144
106481690
728350
3647
134505
143341
286512
100128771
645579
100421390
55520
644548
29902
646851
619208
728115
729073
100216479
140623
143282
729614
23768
100533642
8790
100289097
392437
284764
100131743
100329108
78997
728344
440270
221914
79712
728023
399994
100859930
100289545
10354
645292
729119
729952
643790
727795
642659
653115
319133
8251
389053
644063
100125387
3314
266724
643300
644745
345041
326300
100507046
83982
280655
100132815
100128337
100422691
729176
641516
27345
10984
3947
137994
10186
285708
286411
283624
100506334
148189
339290
729678
100505687
400657
100506380
643401
644873
550643
100507217
388341
101290506
653122
116068
1955
399818
84326
440823
100289489
100506211
326591
106480796
107075172
100652939
100129561
124685
389240
729561
100130335
728589
730174
100302751
102724866
402175
729565
4730
128414
4826
100422243
440577
4874
90859
100130466
23738
246785
144203
647033
26978
341315
5051
144
56965
56133
56100
171423
100131801
100303755
101928527
9487
91405
441194
100131261
100289640
79717
79144
7002
222171
64596
151645
284672
441050
5759
150928
100506965
442775
26134
100128974
112846
5938
728913
25996
340526
196475
84900
345895
152905
146923
647009
142891
157489
100420341
10371
389662
641977
100418720
100130564
389866
442112
100420450
389168
449645
84826
729012
6922
120103
6546
401744
400129
646196
100129361
643155
10924
104472715
285958
100507246
84973
100130109
170550
100130289
100130003
126506
6664
171424
653566
100419416
100130190
100422603
144106
157530
64940
441505
106480442
285647
400011
374969
285343
399511
85012
253665
645233
157695
442777
648283
100129793
646202
219902
92691
124491
130733
147184
100506723
11013
7118
100129272
11257
646839
127262
285741
389787
286144
391358
57570
100131187
286495
619519
246126
124974
151276
171560
100271031
283991
100037280
646463
388165
730052
100287215
790955
10975
440567
441818
116966
50631
158373
646531
402375
440917
150554
143371
51351
7700
56242
10778
84671
7587
79750
90649
84874
147947
148268
147949
80095
342926
340252
148213
91120
90592
100129543
163131
730051
664701
400713
122970
644220
67
100129013
84517
11093
170690
171019
221442
133
79924
347028
100419075
206
84964
57538
126549
54522
101926917
55317
100506013
642812
644649
282679
389137
653308
485
645443
520
390581
138234
138864
53410
100130396
26033
135152
728366
724038
221336
266675
100421515
644754
286494
100421311
100287229
100129259
100422268
100128678
388419
653189
345829
652963
652959
503543
646614
391592
554049
729409
100128603
100422299
340591
643193
399748
84698
440278
100130461
100421861
91050
100420678
728591
100132073
402226
390415
643180
938
157956
220786
100130384
142913
645317
646572
101060146
9435
728599
100131828
646609
442447
1197
100132341
171425
140894
375350
140468
285521
319087
114819
440359
401914
100420253
1497
23316
606495
120227
113612
83528
1624
100132724
401533
100133180
192146
100421328
100130117
120863
139189
400126
573971
79469
220107
390213
100129460
171220
344595
100873911
100873914
246720
100421829
387845
401717
645693
645715
442709
402420
124199
100421854
390924
389179
441032
442429
100130388
646837
100129403
642357
100130771
283014
442720
100129045
645368
319117
340947
100421533
359792
341784
100421528
643873
339881
645207
100131693
401316
375704
319114
79852
6825
100132121
64789
158584
728641
729234
353267
728640
728066
387071
728215
400451
100420875
729535
286460
100421588
653820
645332
692099
348926
440905
84553
150726
54099
90024
283226
100132352
391059
2502
2503
2508
2509
2500
2501
53827
647001
442231
2611
642259
346085
26301
100420259
492303
100126793
92292
728564
347687
100418751
55592
63906
26996
11245
2842
2850
81491
344813
2964
441046
352887
347376
100287087
401494
3031
728921
441484
653175
493812
100419489
474167
101101692
440248
100874455
730647
10355
692147
654503
646993
100506039
643744
100289191
284293
100131130
100421351
664722
645001
100421398
388275
100421413
389395
387933
390294
100421828
100127907
402216
389322
442157
644390
645204
319134
3274
326296
100288483
3292
441051
541611
644495
399988
100287551
402143
283320
645548
100287369
100506000
106480254
728432
414328
347252
402665
3588
3573
100421506
54045
255783
100505573
285634
100129708
100418819
79781
340192
375616
100422273
3844
728638
646808
106478910
389386
644578
100190799
158222
729666
100289475
205251
100287569
100133205
29092
151477
100128782
728855
400680
100506930
100505576
100499466
57234
100302640
401106
400946
401074
100128822
338799
400955
388685
104472717
92249
102723775
101928062
100506119
101928913
54944
203414
145581
10234
151827
651250
100130742
388886
647302
100130178
201229
145748
90352
284358
54627
139201
79929
100101490
130752
286239
64863
388931
406920
100616193
100616323
102465492
101928736
693235
83881
4320
4362
359740
359739
100885866
347705
4479
645652
107075141
4523
339483
100887749
100293090
100462983
157667
4636
54043
100431168
651144
162417
10230
100421096
266625
100128711
100190952
100128596
414200
100270648
100132796
152519
79570
158801
402191
106481967
100874381
10836
10835
10829
10828
4871
390411
100422312
399804
100131478
100128985
729686
4875
100506668
100420557
56953
100420307
200035
89761
128322
93129
100130038
645264
389884
170533
780814
780813
25891
56903
728407
100506696
101928099
253272
392454
100507361
100527946
100527947
646278
285359
644850
109731405
730138
161779
5233
390730
653441
5282
390940
353511
100420258
163404
10154
5382
100288506
284167
5453
5456
5486
134997
94274
55370
130814
153768
80863
100131775
79055
326617
729412
130700
643668
170541
280644
317753
280637
100422411
338099
338098
118672
139411
11191
5758
5761
728873
5767
646981
26255
29942
9207
100420047
5907
5919
221002
100420527
727842
100132808
391804
441391
100132580
5986
319093
730041
100422371
126432
390766
285533
100506872
643446
729608
730092
91695
100129755
100419903
6260
201191
161394
442060
1757
400836
728609
157708
729799
223117
9723
9037
10501
10500
100873333
317774
100418735
57108
389217
619349
170548
153842
84561
100128618
81031
55089
100288436
6579
146857
100271884
442233
100506060
644538
399668
283596
388796
100505806
654434
105376843
735301
100131940
101060005
114815
165679
653464
100420752
153932
653226
54021
100131961
442582
100289663
90529
728938
283398
728706
474338
285829
255928
440142
50832
728737
494540
494541
6916
100462880
283747
647047
6991
100124696
283523
113419
93081
260341
100422711
399774
100422712
285872
55258
391524
391276
100874417
553121
100101407
375346
89894
128218
65084
51524
441027
100113407
388021
84222
130612
440104
26175
100533619
4982
286016
27010
147804
7172
400650
101060176
100421480
643870
129293
388610
128854
650368
100130890
222052
23508
113691
92755
645668
100507043
261735
122837
100130239
100271343
7315
326105
283711
100130139
7333
440406
100421341
7339
147226
147150
442454
100288307
254700
100287272
642585
10064
359800
341965
100130535
100421731
147645
391559
646086
151525
7473
23302
339843
100996851
389610
55113
170559
387703
389901
442266
400209
100422666
729898
643136
730239
339559
100125288
284307
7710
7754
7673
286101
729288
195828
155054
353088
285676
84503
147741
147929
54807
7617
100130934
641339
100131827
100129842
388567
7626
284309
388507
90576
401303
54753
642280
345462
100419709
7643
7661
727677
1305
81578
79007
1932
647030
790952
171559
100130009
100506465
100131138
442894
401825
100129237
100289584
729342
442006
100130233
389537
200150
285412
43
6296
199
263
340120
100127952
729096
652961
55799
59284
645859
732448
100130481
100421338
1307
101234262
1421
54360
266917
100129739
100421756
390394
100420612
100151640
388581
100132916
729085
343332
9965
100873790
2497
729009
100240709
100270790
100302689
100129086
100506595
9953
100420080
729101
3770
9424
643535
360019
391827
441160
3902
116842
129402
751580
440132
285401
170425
389634
346389
102388891
406981
104457406
100423020
359766
359767
100463498
10408
645094
100422259
440902
100128410
100129067
100422261
100128903
392428
283869
728381
10819
100874387
728773
101927423
654427
548599
114780
402116
170537
147699
5652
100130923
5760
286472
402183
286140
100131998
117156
23679
642869
344371
26822
100131250
57586
399520
25907
222699
252956
100128483
100128617
170556
389246
64409
647051
729198
100131031
728324
642909
2229
101926918
100129919
9951
55203
157627
644397
100462954
140825
6335
6557
57084
7757
200810
100421943
100996501
93164
148645
100132681
5280
439953
106479524
441272
344653
380
390424
683
646378
100421794
391526
100506385
91862
317751
642587
116535
359745
387924
106480775
646758
100421131
284288
646260
100856878
646520
103021294
68
11095
10149
100127958
100128817
106480306
236
126242
246182
730086
442131
3734
390844
441131
9048
438
643159
100287755
100505704
100885775
100421704
100652796
94032
387707
160762
101928991
10344
895
392265
100419930
652904
390363
100132332
119587
200575
50624
2921
6372
157317
642776
359774
100129009
100129640
25786
135656
340168
391012
100381215
100129866
106481691
728698
646171
729163
2172
100128043
729610
285016
27112
221303
399656
100128781
391174
401981
553112
26281
642489
100462794
220793
170516
389970
391367
441572
729493
2601
729403
100132601
2613
442262
100505592
100419764
51301
2698
256710
728477
392281
441481
2984
54049
100462795
100419996
100129706
319130
100128227
100419947
100420063
645201
100132863
100419972
644502
3167
100421424
100421395
643689
266722
644016
54047
100132346
106480255
340198
79713
27189
389293
100287193
256949
127707
100420843
643471
344866
390418
343326
646723
284085
100418737
388533
645900
107075219
100190800
100131934
122199
79854
647166
106478991
100507428
101410541
554279
100287314
387723
401232
100507173
100652853
100652736
100996702
108570035
100303745
157713
158056
80327
100873985
728996
407022
407040
359737
221717
137406
359763
692094
645745
100420621
107075310
107075270
442098
100463488
100463482
100422437
196446
645108
404635
388112
100306975
100128889
442290
646392
10833
100422313
100422272
729148
326613
106479059
26254
10821
780810
101978785
326616
647307
342705
100130579
391044
100418804
150967
8605
100506715
100422395
100422391
5462
642559
645682
140913
5483
5485
121981
392285
246731
100420927
389935
100421295
440525
729779
345645
730016
100128880
100130621
100128266
8437
100130603
100421047
106479205
106479413
100873478
100873686
100132467
100272220
729020
85495
100420159
132112
344988
645313
6326
389873
729399
553148
326277
642737
100419178
387700
25769
442525
138412
113278
6538
284422
594838
100499258
100129566
100874414
347454
100861435
100130799
646213
643310
100127922
100421350
158931
6998
732253
646359
646316
390816
645381
7093
147798
121256
284339
646360
728229
401498
221468
219623
339456
388730
724059
100233198
7130
653758
100421439
28638
643224
171222
100288613
221044
79674
645638
127086
100422546
442459
729566
442240
729747
10351
9619
11174
56999
92949
116
9289
56894
9472
154796
280
147495
83478
219681
170302
429
80816
8707
343472
145741
55450
828
54897
57639
80212
28316
80217
118491
7122
254263
5067
152330
27255
1281
286204
55790
1602
1641
1644
4921
1734
8788
28514
63950
8447
11221
1879
1995
1996
392617
2042
121506
2139
2070
220965
100129583
92565
80307
55079
2259
11259
23767
3169
3170
2302
93986
116113
257019
8321
2571
2669
2674
2696
8001
54329
2913
2977
253012
57801
164045
8349
3488
3606
3752
3773
3763
57528
23135
23366
57501
688
687
283212
83999
51176
9211
140828
90632
338758
100506190
167410
4009
4010
4036
57689
57408
4060
1130
4135
10150
4211
4212
79006
399959
100131234
100379345
388815
22915
4487
139221
4681
728841
83988
344148
10397
64579
4760
64067
190
7025
7026
9423
118427
116039
5053
110231149
56126
56122
57717
56112
5126
8622
56034
5166
29951
84457
63876
5334
59339
57480
139728
285755
5629
5396
26108
221662
5992
5999
58480
89765
340419
1901
389432
79966
55800
6332
80274
54549
10512
80031
400120
23544
25759
6469
283514
6492
6493
162515
9123
6570
6585
26050
84189
6609
6591
11166
6660
55553
9576
9705
81551
11037
27233
7033
7042
7054
81615
92162
55504
7166
10475
10194
319089
7276
167838
128434
79819
339005
7477
7704
26137
6935
9839
126068
84858
9658
79963
154664
24
5244
368
10060
225
116236
84448
79777
55
84519
59
130399
11086
170692
113
577
343296
119016
79026
113146
10566
1645
246181
8854
144245
644974
130540
257
219287
283
285
51129
256006
441869
10297
335
338
81575
100130693
395
9828
115557
389337
340075
51666
41
84913
148229
10677
126859
113451
84752
57597
8938
129880
590
604
53630
83875
63035
7439
105221694
649
653
168667
106480285
57795
84446
284697
114781
11119
10384
11149
126567
727
775
8913
8912
93589
27092
57863
100526820
10203
50632
57172
815
816
55259
255082
117155
57828
863
8535
57332
152206
348254
80129
729665
374864
100499483
84960
387856
339512
160777
79741
344709
60494
257236
643669
728887
57124
9936
948
951
1008
1010
1004
1007
23552
8941
51265
1031
441549
1038
124359
11189
51148
375298
23491
200373
55779
25790
286464
220136
144535
149465
159686
55997
26038
1120
10752
140578
57053
4435
23529
728276
79745
27098
129607
729530
6900
1303
1285
1286
50509
646300
1294
1298
8292
10699
10391
140603
27151
22849
10404
9586
1406
1411
51084
1435
114788
64651
140690
1520
6376
10858
285440
9420
10800
147906
23604
120237
340578
1630
341019
8642
166614
123099
414918
159989
9077
729582
101929222
57540
22943
10395
127343
29958
123872
201625
1767
1768
79962
9829
81704
220164
283417
554236
349152
1806
92749
1821
1840
53905
128853
142679
83657
161582
57593
9427
647167
643563
646612
100132358
442215
442258
391698
79645
90288
374786
79825
80303
1947
80864
100421579
100129692
1980
400954
2012
2018
196047
219670
387712
2028
2049
94240
2066
127254
220081
57471
2081
90952
11082
2138
266693
2159
2162
2155
729041
11170
167555
202134
145483
83648
90050
440585
23359
51313
338811
100420916
54757
80256
84915
100128071
79567
153643
79633
10516
129804
283807
201456
114907
26272
26270
285231
222894
89846
2256
8817
2252
2254
2261
53834
114827
56776
2329
84624
79025
2341
2355
158326
23732
2504
2499
8322
9846
79690
2620
8522
9518
151449
2667
81544
342035
2738
144321
169792
2743
144423
2749
219970
653641
653643
647042
440295
2262
2825
387509
151556
27239
9737
23151
80000
2890
2897
2899
2900
2918
54103
145258
2951
653238
100093631
84163
2979
387036
3003
9563
57657
283755
55733
100873894
729595
54511
644498
51617
644037
344697
645691
100128836
100421379
100129920
400769
642958
402562
343069
106480233
100506311
3212
3217
440498
259217
3358
94031
54768
25764
3429
3430
57722
3490
492311
152404
10320
3590
53342
10068
11141
3574
387597
8821
64799
10379
79192
79191
10265
140862
729920
3678
3680
3707
122953
126306
8514
3769
3759
3764
54207
3779
27094
3782
147040
146212
100144494
57604
25758
85352
340533
55083
3801
84063
651815
122773
55220
55295
10324
374454
24141
753
389170
3953
163175
64211
285908
100131814
284029
100506697
150759
100506433
106660612
254312
285286
339894
100131434
100272228
283143
283663
100216546
728537
339524
100505532
285084
646168
149134
100996511
400945
100132501
105373144
101927217
84536
283551
101927067
3991
3996
4005
25802
503693
164832
80350
1902
64900
9404
4037
390205
81543
374819
127495
94030
115399
221424
400891
84230
120892
10446
54674
26045
80741
4081
10586
4117
340895
389840
225689
5596
22924
4137
441061
8512
10873
4208
51072
149281
25895
4248
11320
11043
100507316
406962
101928469
84848
693201
4286
4330
126308
100887750
4439
4481
11209
23281
25878
84073
4618
4635
80022
23026
140469
8736
745
90634
254827
100128894
266812
729177
100132406
25832
401967
101929780
400818
374383
79625
54550
152110
100381202
4791
25791
4804
55335
105416157
7080
644524
4825
338323
441238
4837
10392
9241
115677
255743
8013
4900
4908
59277
4915
11247
220323
128506
440836
23762
114879
114881
220213
5013
165140
55824
57144
79957
5071
5080
54039
56143
56123
56132
56131
56129
56127
56114
5098
54760
10846
50940
5137
157310
5222
5224
653895
5239
653583
113791
29992
9600
83394
27039
91461
5585
5321
5325
84812
345557
5337
25894
196051
57469
84197
64091
728378
8497
9677
81706
220004
5507
286187
84687
100506012
63976
166336
5581
101867536
51334
83886
5662
5734
84867
5791
5802
5806
5874
9609
51209
131185
144715
55698
10743
10742
10267
11069
51195
5915
5918
51655
10125
282996
442234
5959
65055
85004
389075
130132
28984
727851
5996
100128628
8601
26166
388531
107075307
158787
26150
284485
54031
54453
53820
6019
106480498
106479390
106479468
100873417
6041
220441
285498
6102
441212
6236
146760
154661
6258
148398
148418
619383
11280
6328
6330
11341
100131656
23541
730005
10505
106480343
253970
6445
166929
79729
153769
6462
399694
56961
6496
26266
9122
9120
23539
6509
55356
57419
253512
65012
64078
222962
55532
169026
6519
30061
84102
204962
28968
150159
133482
6586
114798
4091
6604
105371564
644596
643008
100287482
64093
342527
9892
692205
100874413
54937
57537
30812
3431
389058
11092
200162
100505741
9806
80176
6714
80725
647135
6489
8128
7903
10734
90627
169436
100506685
9399
6804
9766
22987
55638
256126
221711
8867
6861
94121
6887
50840
83874
23158
9096
6926
6920
246717
255394
200132
23424
27285
441687
122046
401014
29842
7043
79816
53346
57458
23671
55273
80757
222865
441151
147744
645426
645369
55026
106480320
160335
115650
8742
7292
84629
7145
146691
58476
644566
11076
51673
388630
646193
9865
7222
59341
441631
144448
9256
199223
253724
145567
164395
7274
7291
93202
23668
100129983
127733
80329
285175
9098
22846
647319
5212
400673
155382
196740
7448
114987
126820
144406
56964
440253
7480
81029
7479
649395
9278
140685
340554
152098
29800
653082
29801
150244
80108
124961
7691
651302
26974
399669
388569
79175
22891
25946
252884
80818
79973
10794
126069
9745
163255
169270
115950
401509
79986
80139
728927
342132
163115
284312
2
27063
6315
633
651
8646
149461
1271
91522
1816
390352
646270
2255
2348
54762
2891
64399
3198
3352
126119
3739
57608
3834
3955
3982
101929769
130576
55384
100289404
107075117
26257
440345
169611
56110
56341
54715
100133206
6035
388591
860
6649
338596
7134
1890
201181
100418921
9507
575
64123
199800
196
100216487
63982
100652899
290
314
187
342
116984
55843
646450
387684
101928788
132946
221481
51676
645440
100507097
540
283358
255877
101669762
768
777
10753
255057
83643
729440
10309
2826
64403
1002
8814
1139
23152
100419056
137075
125875
161198
9976
54102
340204
124817
1302
399948
57699
55118
1419
1427
8029
1594
168002
747
91351
26220
9162
9940
65989
1780
729630
1909
319112
100130211
100874491
100130260
151651
1959
1960
2000
79993
6824
254013
2116
158228
140876
440078
355
90342
2246
2250
2619
2637
100130060
2796
2811
2843
63940
57822
2974
100689229
3040
414764
59269
645940
389674
646956
84525
60495
3269
389792
3479
3563
105369987
11185
387755
64843
8515
3714
3736
3745
30819
5655
3931
100188953
400619
283981
102606463
101929344
100505683
101927621
101927667
724087
100505929
100287225
4004
114783
84171
219527
57554
4151
4157
645927
196410
4242
146664
407003
4327
642475
118490
100289371
4515
100463489
4585
1463
4808
4821
4862
642778
100129972
100129795
100130606
441478
4986
161725
728361
5069
56135
5141
494150
442156
257068
5362
127435
170539
5544
639
5554
145270
5593
389333
9051
5744
5753
326624
5923
30062
145226
387849
54894
284654
286133
57715
5054
124925
84251
6461
388336
4990
6543
121456
10599
440354
219537
103091864
79104
692058
6656
353324
132671
90853
6644
6776
11346
94120
94122
7066
80731
257000
9911
84286
126259
360200
7128
8794
751599
100131268
102723852
55223
7450
54739
7498
246737
7549
342909
100507290
9625
8038
84873
153
57491
22977
238
9068
57569
64283
100506084
389652
478
491
2583
602
27319
635
654
728819
10882
114899
164633
869
645158
23492
221262
886
401145
11314
283848
348807
257177
653275
8534
53405
64084
157807
169044
84940
132864
10814
23418
641457
1465
119437
399697
92196
51473
23109
22898
54769
1749
1750
642797
1770
1804
1813
1834
78986
100422254
64641
253738
83401
55068
23017
51059
642938
25817
152756
196792
131583
54855
339145
654466
2354
11227
2624
2668
283685
643699
2813
151306
115330
1880
8111
64388
2946
2949
3060
84667
8344
80201
728776
3199
3213
3214
3623
3642
8629
3746
30818
100652824
124602
84634
3816
3975
645323
100874188
149837
400084
375295
100506421
441389
53353
441381
4061
4062
23542
100500872
100505738
100271918
7681
254956
4547
4582
9961
9172
4661
23040
259232
342977
56901
58158
4807
79815
6134
10811
100288332
729978
51299
140767
84628
79873
57495
222950
57624
4948
390874
56914
5024
135138
54873
56145
56125
54660
56108
100422595
5178
375189
116154
5309
54886
5455
5457
8541
132160
5526
10216
101929293
5799
170394
221749
11264
375316
10740
729857
100462810
23504
106481762
79589
727800
27156
84870
6277
10590
124404
5345
6506
10991
57835
84631
440087
100507341
6616
6623
54212
26206
54961
6750
9754
9899
6870
340543
7062
221400
7007
83659
55901
220359
92293
55365
28959
256130
84000
100616668
7200
7224
79054
85453
134111
340260
2277
146177
7476
219539
170261
286128
163223
730087
388523
57643
80325
26027
100132380
440482
40
728611
149478
728
730
51063
84660
100128459
11126
11135
1016
27254
285429
196385
84677
285596
100422535
2296
486
79153
2732
441124
100507462
100130660
442338
102723508
3741
114818
114792
283487
100862704
401321
100507501
136332
266727
85001
91807
51168
347736
101928904
10039
5077
8398
100507444
29964
344405
5769
5896
106479396
57758
100422558
245711
23145
285966
100873786
7185
162514
7483
133923
493821
57232
283933
53947
10863
80332
57188
150
144193
645784
9914
525
343515
631
149428
132556
283631
92291
286207
9075
1293
57175
100288463
1545
1747
10655
100420003
399823
8326
2567
339896
117248
50614
2625
2690
100131281
26585
100421431
3481
3589
3748
3750
100996930
100505865
653639
102467146
4222
10205
137290
143662
4647
645996
100286929
4978
100420591
56666
344838
5088
27115
401
84647
10761
51450
5623
5697
5649
9628
106635535
127544
5104
23758
85358
6495
9376
341880
132203
84690
124044
55304
100421648
10388
643503
7056
54863
220115
390595
7379
155368
65266
54361
23414
129025
267020
100129736
100131740
343045
100132911
100130631
347673
83715
337873
442661
344741
664721
729423
441026
100128061
148818
653364
646910
100292290
10834
100287472
4884
26212
5004
319128
100287630
3186
57402
100128536
100288661
256536
105375355
