84945
58527
62
642443
56985
541
203859
723972
646791
23519
100505854
646348
729790
504
645560
654480
246723
359997
53409
84002
100421045
731605
389416
319138
647076
652960
151579
644877
802
804
806
807
401237
100420689
645251
100147811
644101
100151661
391739
644131
643751
100505876
1061
221017
79094
53344
51287
81993
100507102
100289170
285849
9384
1348
9386
126129
161635
100526776
1498
404217
83530
645084
1661
10683
644588
644589
548645
319111
374946
728532
100506710
54054
440595
644604
133283
100421796
1934
644820
126037
280661
730144
106481690
728350
3647
134505
143341
286512
100128771
645579
100421390
55520
644548
29902
646851
196951
619208
728115
729073
100216479
140623
143282
729614
100533642
100289097
392437
284764
100131743
100329108
78997
728344
440270
221914
79712
728023
399994
100859930
400322
100289545
10354
645292
729119
729952
643790
727795
642659
653115
319133
8251
389053
644063
100125387
3314
266724
643300
644745
345041
326300
100507046
83982
280655
9543
3485
100132815
100128337
100422691
729176
27345
10984
3947
10186
11019
100506334
148189
339290
100505687
400657
100506380
643401
644873
550643
100507217
388341
101290506
653122
116068
399818
84326
440823
100289489
326591
106480796
107075172
100652939
100129561
124685
389240
729561
100130335
728589
730174
100302751
102724866
402175
729565
4730
128414
57502
4826
100422243
440577
4874
90859
100130466
23738
246785
647033
26978
341315
5051
144
56965
56133
56100
171423
100131801
100303755
101928527
9487
91405
441194
100131261
100289640
79717
79144
653214
7002
64596
151645
284672
441050
5759
150928
100506965
442775
26134
100128974
112846
5938
728913
25996
196475
84900
345895
152905
146923
647009
142891
157489
100420341
10371
389662
641977
100418720
100130564
389866
442112
100420450
389168
449645
84826
729012
6922
284129
120103
401744
400129
646196
100129361
643155
104472715
285958
100507246
84973
100130109
170550
100130289
100130003
126506
6664
171424
653566
100419416
100130190
100422603
144106
157530
64940
6781
441505
106480442
285647
400011
374969
54823
285343
399511
85012
253665
645233
157695
442777
648283
7060
100129793
646202
219902
645203
124491
54916
147184
100506723
11013
7118
100129272
11257
646839
127262
285741
389787
286144
391358
57570
100131187
286495
619519
246126
124974
151276
171560
100271031
283991
100037280
646463
388165
730052
100287215
790955
10975
440567
441818
116966
50631
158373
646531
402375
440917
150554
143371
84885
51351
7700
56242
10778
91975
84671
7587
79750
90649
84874
147947
148268
147949
80095
342926
340252
148213
91120
90592
100129543
163131
730051
664701
400713
644220
67
100129013
84517
171019
133
347028
206
84964
57538
54522
101926917
55317
100506013
642812
644649
100130693
389137
55130
645443
520
390581
138234
138864
53410
100130396
135152
728366
724038
221336
644754
100421311
100287229
100129259
100422268
100128678
388419
653189
345829
652963
652959
503543
646614
391592
554049
100128603
100422299
340591
643193
399748
100421861
91050
100420678
728591
100132073
402226
390415
643180
938
157956
220786
100130384
142913
645317
646572
101060146
728599
100131828
1365
646609
442447
100132341
171425
140894
375350
140468
285521
319087
140603
440359
401914
100420253
1497
606495
120227
113612
83528
1624
100132724
401533
440081
100421328
100130117
120863
139189
400126
573971
79469
171220
100873911
100873914
246720
100421829
647167
387845
401717
645693
645715
442709
124199
100421854
390924
441032
442429
442258
100130388
646837
642357
100130771
283014
442720
100129045
645368
319117
100421533
359792
341784
100421528
643873
339881
645207
100131693
401316
197342
375704
319114
79852
6825
100132121
64789
266693
728641
729234
353267
728640
728066
728215
400451
100420875
729535
286460
100421588
653820
645332
692099
348926
440905
84553
150726
283226
2341
100132352
2502
2503
2508
2499
2500
2501
53827
442231
642259
346085
100420259
728564
347687
55592
63906
26996
11245
2842
2850
81491
344813
2964
347376
100287087
3031
728921
441484
653175
493812
100419489
474167
101101692
440248
100874455
730647
10355
692147
654503
646993
100506039
643744
100289191
644037
100131130
100421351
664722
645691
645001
388275
100421413
389395
387933
390294
100421828
100127907
402216
106480233
389322
644390
645204
319134
3274
326296
100288483
541611
644495
399988
100287551
402143
283320
645548
100287369
100506000
106480254
728432
347252
100421506
54045
100505573
100129708
100418819
79781
340192
375616
3844
728638
646808
106478910
389386
644578
100289475
205251
29092
151477
100128782
728855
100506930
100499466
106660612
57234
283663
401074
338799
104472717
92249
102723775
101928062
100506119
54944
203414
10234
151827
647302
100130178
145748
90352
54627
139201
100101490
130752
286239
64863
388931
100616193
101928736
4362
140699
359740
359739
100885866
347705
4479
645652
107075141
4523
339483
100887749
100293090
100462983
157667
54043
100431168
651144
100128894
100421096
266625
100128711
100190952
100128596
414200
100270648
100132796
79570
158801
441238
402191
106481967
100874381
10836
10835
10829
10828
4871
390411
100422312
399804
100131478
100128985
729686
4875
100506668
100420557
100420307
200035
89761
128322
645264
389884
170533
780814
780813
56903
728407
253272
392454
100507361
100527946
100527947
646278
285359
644850
109731405
730138
5233
390730
653441
390940
353511
100420258
163404
100288506
284167
5453
134997
94274
130814
153768
100131775
79055
326617
729412
130700
643668
170541
280644
317753
280637
100422411
338099
338098
118672
139411
11191
5761
728873
5767
646981
26255
23682
9207
131185
100420047
5907
5919
221002
100420527
727842
100132808
391804
441391
100132580
5986
126432
6019
390766
285533
100506872
643446
729608
730092
91695
100129755
100419903
6260
161394
442060
6334
400836
728609
157708
223117
9723
100873333
317774
100418735
389217
619349
170548
153842
100128618
55972
81031
100288436
6533
6579
146857
100271884
442233
644538
283596
388796
100505806
654434
105376843
735301
100131940
101060005
165679
653464
100420752
153932
653226
54021
100131961
442582
100506685
100289663
90529
728938
728706
474338
285829
255928
728737
494540
494541
283747
647047
6991
283523
113419
93081
260341
100422711
100422712
285872
391524
391276
100874417
553121
100101407
375346
89894
128218
114795
65084
51524
441151
79134
84222
440104
26175
100533619
147804
7172
400650
101060176
100421480
643870
129293
388610
650368
100130890
222052
23508
92755
645668
100507043
122837
100130239
100271343
7315
326105
100130139
7333
440406
100421341
7339
147226
147150
442454
100288307
254700
100287272
642585
10064
359800
341965
100421731
147645
391559
646086
151525
23302
339843
55113
170559
387703
389901
400209
100422666
729898
643136
644353
730239
93550
23217
284307
7710
7569
7754
7673
286101
729288
195828
342908
155054
353088
285676
147741
147929
147948
54807
7617
100130934
100131827
100129842
388567
284309
388507
401303
642280
345462
100419709
7643
7661
6315
81578
79007
390352
647030
790952
171559
100130009
200634
100506465
100131138
442894
401825
100129237
100289584
729342
442006
100130233
389537
100133206
199
263
340120
645440
729096
652961
55799
59284
645859
732448
100130481
100421338
101234262
54360
266917
729630
100421756
390394
100420612
100151640
100132916
729085
343332
9965
100873790
2497
729009
100240709
100270790
100302689
100129086
100506595
389674
100420080
9424
360019
391827
441160
116842
129402
440132
283981
285401
346389
102388891
406981
359766
359767
100463498
10408
645094
100422259
440902
100128410
100129067
100422261
100128903
100129972
392428
283869
728381
100874387
728773
101927423
654427
548599
170537
147699
5652
100130923
5760
286472
402183
117156
23679
642869
344371
100131250
57586
7045
399520
25907
252956
100128617
170556
64409
642909
2229
100129919
728776
3816
55203
157627
100462954
100505738
100271918
101929293
6335
340543
200810
100421943
93164
439953
344653
380
390424
132556
283631
646378
100421794
91862
642587
116535
645996
387924
7941
106480775
646758
100421131
284288
100856878
643503
11095
10149
236
730086
3734
390844
441131
100652796
10344
50624
2921
6372
391012
2172
285016
27112
399656
391174
642489
220793
2601
100132601
100419764
2698
392281
441481
2914
54049
100462795
100419996
100129706
100420063
100132863
100419972
644502
3167
100421395
643689
54047
100132346
106480255
389293
127707
390418
100418737
645900
107075219
647166
100507428
101410541
100652736
100996702
100303745
100873985
728996
359737
221717
645745
107075270
442098
100463488
196446
645108
100306975
100128889
10833
100422313
100422272
326613
780810
647307
100130579
100418804
50487
8605
100506715
100422395
100422391
5462
642559
645682
5483
5485
246731
730016
100128266
85495
100420159
344988
389873
553148
326277
642737
100419178
442525
138412
100499258
100129566
100874414
100130799
643310
6998
646359
646316
121256
339456
724059
653758
28638
100288613
221044
79674
100422546
442459
729566
131540
729747
267020
100129736
100131740
343045
100132911
100130631
347673
442661
344741
664721
729423
441026
100128061
148818
653364
646910
100292290
10834
100287472
26212
319128
100287630
100128536
100288661
256536
105375355
23461
10351
9619
80724
11174
56999
92949
116
9289
57211
3899
56894
221264
9472
207
267
154796
280
121601
118429
147495
333
83478
9138
84159
379
219681
414
79642
170302
429
80816
57205
92270
6310
8707
145173
343472
80127
648
655
154743
7832
51279
145741
784
199731
8618
57658
827
828
101805492
54897
57639
57577
728621
80212
83692
28316
1005
50937
9620
201134
80217
118491
7122
254263
25927
5067
152330
27255
1280
1281
1290
23412
286204
153222
55790
1486
29119
1519
404093
7852
80319
1602
1641
1644
4921
163486
27147
10260
1607
1734
22982
8788
28514
63950
8447
29952
10570
56896
11221
1879
30008
93556
25975
1958
1995
1996
392617
54898
5168
2042
2043
203111
121506
23086
2139
2070
2152
9715
220965
64760
375190
100129583
92565
25827
84961
80307
55079
2259
11259
23768
23767
2335
64122
252995
3169
3170
2302
93986
116113
8790
257019
401024
170384
8321
2571
2572
55568
2669
2674
2696
8001
2823
54329
114928
285513
26086
2869
2913
2947
2977
1404
29915
283450
57520
57493
253012
57801
164045
138050
8349
9454
3241
3270
374875
3488
22807
3606
27130
8997
641516
3752
3773
3763
284252
57528
23135
23366
653319
57501
4254
9314
688
687
84861
283212
83999
26013
51176
137994
9211
22998
140828
90632
285708
286411
283624
729678
338758
100506190
167410
4009
4010
4012
4016
23143
4036
10233
57689
84125
57408
4060
338645
116372
1130
89876
54682
84557
4135
5602
375449
4148
10150
2122
1955
4211
4212
56917
79006
284207
399959
100131234
100379345
100506211
388815
22915
5891
112609
9902
6150
253827
4487
222166
10071
139221
54587
26509
10003
4681
284565
101060226
101060684
728841
83988
344148
10397
65009
64579
283131
10529
4739
79858
4760
85407
8996
4853
64067
9284
80896
190
7025
7026
3084
8829
9423
22854
118427
9480
116039
144203
5025
8974
5053
5064
9924
110231149
25849
57060
5099
56126
56122
56121
57717
26167
56112
5122
5126
5144
5158
8622
56034
80310
149420
5166
29951
5210
1912
84457
55022
5308
63876
5333
51196
5334
59339
57480
64857
79948
5376
139728
10687
10631
5454
11281
285755
5627
5629
222171
5396
283659
5797
5800
26108
25797
10966
5900
158158
221662
27303
54884
5992
340526
23179
5999
388
22999
57484
494470
6095
89765
340419
1901
389432
79966
7857
55800
6332
80274
222663
54549
113675
10512
80031
9792
400120
23544
25759
6469
283514
23235
6492
6493
22933
387640
9990
162515
151473
9123
6570
5002
9481
23169
124935
6546
162394
6585
26050
84189
4093
6609
10924
6591
11166
6660
55553
6674
6676
9576
128153
64847
79925
11005
6695
10418
9705
6482
81849
11075
81551
11037
23213
27233
23345
6860
9066
26115
55296
79600
57451
26011
54790
7033
7042
7049
7054
7057
7059
221981
7084
81615
92691
130733
25789
91147
92162
641649
55504
94241
7166
10475
140691
114088
80036
7227
10194
128553
83538
92104
150737
319089
26140
7276
94015
167838
79720
128434
79819
117166
339005
79971
7477
388403
284273
7704
26137
57659
85463
6935
9839
463
79776
84460
64393
7771
57209
84449
163059
126068
57573
84858
9658
148156
79963
154664
21
24
5243
23456
5244
23457
89845
368
10060
225
84836
116236
84448
32
35
116983
79777
414149
84680
122970
8309
8310
55
84519
80221
59
100418910
90
130399
11086
81794
11093
170690
170692
9509
80070
9508
54507
90956
203054
221442
109
112
113
577
976
343296
137872
79924
141
84632
119016
642517
79841
177
3268
23382
27245
79026
113146
100419075
122481
10566
1645
246181
216
8854
160428
144245
644974
79796
130540
8092
257
23600
219287
268
57463
347902
271
272
275
283
23357
285
23452
51129
150709
126549
51281
256006
353322
339416
441869
56899
57101
57719
301
91056
10307
10297
335
338
200316
81575
282679
360
9938
115703
395
9828
115557
50650
100271715
389337
10865
9915
27106
410
411
22901
340075
116969
653308
51666
140460
41
57168
460
89849
55102
115201
285973
84913
485
482
534
538
10396
148229
10079
8455
26033
10677
126859
558
113451
8705
84752
2683
79870
60468
57597
8938
578
582
166379
129880
8412
590
604
53630
83875
63035
7439
266675
80114
105221694
649
650
652
653
168667
100421515
658
399761
106480285
91653
54785
286494
283870
57795
84446
55643
284697
114781
54718
11119
11118
10384
11149
729409
114904
25966
126567
727
767
81928
9478
11094
775
8913
8912
93589
783
785
27092
100526820
10203
91860
50632
8536
57172
815
816
23125
23066
84698
55259
255082
840
117155
440278
57828
863
100130461
8535
57332
200014
256309
79635
90693
152206
348254
130940
283152
550631
126075
80129
729665
374864
100499483
84960
387856
90835
339512
80125
284001
160777
85478
79741
91409
344709
60494
283234
257236
643669
885
8900
728887
9236
57124
9936
948
951
3732
146059
23580
1008
1010
1004
1007
23552
8941
8999
51265
1026
1031
441549
1038
124359
27439
11189
56853
60680
645455
51148
375298
23491
200373
55779
25790
286464
220136
144535
149465
159686
255101
79846
55997
1675
26038
1120
10752
140578
54480
1131
57053
1136
51363
9435
9469
1154
4435
23529
1181
9076
23274
728276
7461
79745
1197
9746
27098
134829
129607
202333
149111
26504
729530
6900
8506
79937
1303
1277
84570
1285
1286
1289
50509
1292
646300
1294
1298
81035
23127
8292
79934
10699
11151
10391
79585
27151
64506
22849
131034
10404
1373
80772
84766
1384
90993
9586
9244
114819
23373
200186
64784
1406
1408
1411
1415
51084
1435
114788
64651
80169
140690
115908
9811
1496
1520
1522
23113
23316
6376
9547
284613
1593
51302
10858
285440
9420
10800
728294
23500
117154
147906
23604
120237
340578
90379
1630
341019
8642
166614
123879
115265
100133180
192146
55601
50619
123099
414918
159989
1687
494513
8694
84649
1606
1609
27294
9077
729582
101929222
57540
22943
10395
220107
1742
9228
127343
29958
123872
352909
201625
1767
1768
56171
55466
79962
9829
144132
8448
390213
55619
1795
81704
23348
1796
220164
9980
100129460
283417
554236
349152
1806
92749
83450
1815
1821
1825
1840
151636
344595
53905
128853
150290
142679
83657
9149
161582
199221
1870
57593
9427
55268
60401
643563
646612
402420
100132358
442215
389179
100129403
391698
79645
90288
124989
374786
79825
80258
80303
1944
1947
80864
1956
254102
30846
493861
340947
100421579
100129692
1980
8178
9844
91748
64834
129080
84034
256364
161436
400954
2012
2018
196047
64772
84080
219670
387712
2028
22875
57724
1969
2049
2057
94240
2066
2077
285141
127254
220081
114625
57471
79956
2081
90952
11082
2104
55194
54932
2138
2159
2162
2155
2157
158584
729041
284611
11170
144717
83541
159091
285172
286499
54463
387071
167555
202134
145483
83648
284069
90050
440585
27146
23359
51313
338811
100420916
54757
80256
203259
84915
100128071
81553
26240
9679
55793
79567
388650
728833
153643
151354
375061
79633
10826
85302
10516
129804
2200
84467
64319
222235
64839
283807
23194
26267
201456
114907
130888
26272
286151
93611
26270
54099
285231
89848
9873
222894
2242
2245
89846
2256
8817
2252
2254
2261
53834
114827
2272
80206
27145
128486
11328
90024
2318
2324
84256
342184
56776
2329
84624
79025
64838
2355
27023
55810
10023
158326
391059
23732
10129
161835
2504
2509
197258
5045
2526
8322
8323
8325
51343
9846
2555
2561
55879
4616
79690
57452
374378
26290
647001
2611
2620
10634
8522
2629
26301
2643
9518
151449
2667
81544
492303
87769
2686
84514
102723099
100126793
375519
79411
342035
2738
11010
144321
169792
2743
144423
29998
23506
2749
92292
219970
2781
2784
10020
2788
2792
100418751
80154
653641
653643
647042
440295
64689
2262
2825
64582
7107
283554
387509
151556
27239
54328
2861
9737
57476
23151
80000
29841
2890
2892
2897
2898
2899
2900
2903
156
2918
54103
145258
55876
2951
653238
100093631
84163
54676
2979
387036
441046
352887
3003
9563
23498
401494
57531
57657
79885
9759
51696
85441
283755
8916
55008
23462
55733
283987
9026
85235
8329
3097
83872
100873894
729595
54511
644498
51617
284293
344697
100128836
100421379
100129920
400769
100421398
642958
402562
442157
100506311
3212
3217
79803
57110
64342
440498
3292
158160
11077
441051
259217
3305
3339
3358
94031
54768
123688
25764
130026
414328
25900
3428
3429
3430
3434
9742
57722
3490
492311
402665
152404
10320
3588
3590
53342
10068
3556
11141
3573
3574
387597
255783
8821
56623
27124
285634
55721
115811
64799
154865
11213
10379
8471
79192
79191
10265
140862
729920
3672
3674
3676
3678
3680
3707
3708
162073
3717
122953
3726
8850
9920
7881
8514
9196
10008
23630
131096
3769
3759
3764
54207
3779
27094
3780
3782
3786
147040
253980
146212
100422273
100144494
55693
79831
9692
285600
23313
57604
25758
85352
85379
340533
23046
347240
55083
221458
3801
84063
651815
11279
122773
55220
339451
9903
55295
257240
10324
10748
8085
85442
84626
124751
374454
3908
3911
24141
143903
150082
100190799
158222
729666
753
389170
93273
3953
163175
89884
64211
100287569
285908
642852
100133205
100131814
284029
100506697
150759
100506433
400680
100505576
254312
285286
339894
100302640
401106
100131434
100272228
283143
400946
440993
100128822
100216546
400955
728537
388685
339535
339524
100505532
285084
646168
149134
100996511
400945
100132501
105373144
101927217
101928913
84536
101927957
283551
101927067
158038
3991
128077
92255
64788
4005
25802
222484
503693
164832
4015
80350
1902
10161
64900
9404
57622
145581
55805
4037
4038
4041
91355
390205
81543
651250
374819
127495
94030
115399
100130742
221424
400891
388886
84230
341883
127255
120892
10446
54674
26045
220074
134353
286006
541468
80741
201229
388695
9762
4081
10586
140733
23764
7975
57692
4117
340895
84441
284358
4121
57134
4122
23324
9020
389840
9064
1326
79929
6300
5603
225689
5596
23162
23005
22924
4137
55016
441061
92979
23031
8932
8512
255374
55796
4168
23101
57192
79772
161357
10873
9439
4208
1953
4241
51072
149281
25895
4238
9848
4248
11320
79778
11043
125170
100507316
406920
406962
84981
101928469
100616323
84848
693201
102465492
693235
4286
83881
57591
4302
166785
4320
4313
4330
126308
84315
283385
26002
727957
100887750
10335
4439
4481
4485
11209
55154
64779
9108
92154
23281
89853
4084
83463
25878
439921
84073
4618
4629
4621
4635
4636
80022
23026
140469
8736
58529
339344
745
90634
254827
64859
23148
138151
162417
340719
339983
256302
729177
100132406
149013
25832
401967
101929780
400818
10230
4685
57552
57701
374383
79625
4703
54550
4734
257194
79661
152110
100381202
341676
100131211
54492
23114
4772
4774
4781
4791
25791
4804
152519
55335
105416157
7080
644524
4825
22871
54413
338323
4837
10392
9241
115677
4855
4858
4861
79716
261734
255743
4882
4885
23467
4852
4889
3164
8013
2494
340371
10718
4900
4901
9369
56953
4908
59277
4915
4916
81788
390916
9253
54830
11247
220323
84033
4952
128506
440836
93145
25903
4983
93129
23762
114879
114881
100130038
127700
220213
5013
165140
54995
132430
140886
29993
55824
10298
57144
56924
25891
196743
79957
85315
117583
5071
54956
83666
5080
64081
80714
5091
100506696
101928099
54039
57575
83259
27253
57526
56144
56143
9752
56124
56123
56132
56131
56129
56127
56114
56109
56099
5098
399909
54760
10846
50940
5137
5143
27295
157310
246330
92960
5193
51555
5222
5224
161779
5228
653895
5239
5255
5260
728233
196500
5277
5282
120379
113791
29992
29990
9600
83394
27039
91461
5585
29941
23659
5321
5325
113026
84812
345557
5337
5339
144100
58473
79666
25894
57449
79990
9842
440456
389072
440503
1263
196051
55558
10154
23129
83449
5382
29944
84968
57469
10908
5429
353497
548644
55624
84197
22932
64091
64840
728378
5456
5465
8499
8497
5486
9677
5493
22843
10848
81706
220004
5507
5509
90673
89801
286187
84687
5533
55370
100506012
9374
80148
56980
56981
63976
166336
5578
5581
5587
5618
101867536
254427
51334
80164
55615
79899
79056
80863
8492
83886
5662
5681
9050
26024
5734
100885848
2185
5758
25930
5774
84867
5777
5798
5802
10076
29942
5817
65263
84795
9727
26056
53917
5874
10981
9609
51209
11159
5890
144715
55698
10743
10742
10267
5909
11069
51195
5914
5915
5918
51655
10125
91608
11186
64080
54033
282996
5939
442234
157506
5959
65055
92840
84957
161253
5973
9185
85004
389075
317671
130132
28984
727851
5996
10636
100128628
8601
26166
388531
64285
23221
319093
730041
107075307
158787
284485
353116
54031
100422371
9783
9610
54453
53820
106480498
106479390
106479468
100873417
6041
63891
220441
285671
221687
285498
200312
154214
51136
57140
64221
4920
6102
441212
9501
388394
57521
6236
221421
65078
146760
9711
154661
9853
6257
6258
6263
9294
1903
148398
148418
201191
23034
1757
23098
23314
22904
51435
619383
11280
6328
6330
11341
27111
100131656
255812
221935
729799
23541
730005
25956
7869
10505
9037
10501
10500
1731
106480343
5414
5271
57108
57713
253970
6445
166929
81537
6448
10044
80851
79729
153769
6462
399694
56961
149345
357
57477
54414
51092
23409
6496
8273
84068
6560
84561
26266
6565
9122
9121
9120
9194
23539
6505
6509
55356
6584
57419
283652
788
253512
399512
284439
203427
9673
65012
376497
28965
64078
222962
154091
55532
169026
1318
55343
222553
148641
80723
206358
55089
91252
6519
30061
84102
204962
113235
55652
6508
8671
159963
28968
80024
6548
9351
23315
150159
133482
6586
114798
4091
6604
105371564
100506060
388588
399668
644596
643008
100287482
64093
342527
9892
9627
692205
54861
100874413
6640
54937
114815
57537
6665
30812
93349
389058
147650
11092
200162
100505741
84501
9806
84926
80176
6712
6714
80725
647135
136853
8082
6487
8869
6489
8128
7903
10734
442578
90627
57519
202374
27148
169436
9399
412
6804
6813
283398
51684
79783
6819
387082
25777
64420
26032
9766
22987
55638
256126
221711
85360
8867
23336
6861
94121
84447
10454
138474
6887
85461
128989
440142
50840
50832
83874
26000
54662
4943
23329
23158
9755
9096
6926
6916
6920
100462880
246717
6932
10732
10312
140290
255394
200132
79867
23424
100124696
7008
27285
7011
146705
7016
55852
441687
122046
401014
29842
7040
7041
7043
7048
399774
9473
55258
7068
201798
81789
114609
727910
7089
79816
53346
53345
79905
57458
8577
23671
55273
113277
80757
222865
55260
55314
441027
201799
84187
100113407
388021
84548
8269
147744
645426
130612
645369
642987
85019
55026
57393
113452
80021
55362
169200
9772
106480320
55217
29767
160335
4982
115650
8742
7292
84629
7145
146691
84969
58476
286016
27010
644566
11076
51673
286262
388630
9881
646193
10345
11277
29953
9865
10612
23087
80128
9866
55128
7222
7223
7442
59341
254187
55815
83882
441631
90139
144448
10867
9256
128854
199223
153657
253724
145567
164395
7274
113691
10382
7287
286319
261735
7291
51061
93202
114112
84959
23668
100129983
283711
22888
127733
80329
54986
57578
285175
81622
9099
10868
84749
57558
9098
6843
10791
22846
114990
647319
389136
100130535
5212
400673
155382
9605
196740
7448
220001
100287171
114987
151790
126820
144406
349136
56964
23038
7466
440253
25861
7456
7480
7482
7473
81029
7479
126374
100996851
389610
143570
64131
442266
649395
79740
221527
9278
403341
140685
92999
79696
340554
23144
92092
219654
55063
152098
29800
653082
84243
254359
29801
150244
10444
80108
124961
7538
339559
53349
84936
100125288
22882
80317
55888
7691
7701
169841
7566
7739
651302
7760
7761
7638
7766
7768
7773
353355
9310
219749
10838
92822
26974
57567
399669
25799
388569
63925
79175
22891
84911
25946
151126
55893
252884
147687
147686
80818
220929
126070
79973
10224
55663
10794
92283
57474
126069
340385
84503
348327
9745
163255
125919
339327
284306
147694
115196
148254
147837
163050
51276
137209
201514
92285
169270
162966
162963
285267
57547
90589
121274
9726
115950
26149
401509
641339
57592
146542
374879
7621
79986
80139
374655
349075
728927
155061
65988
7626
284390
79970
58492
400720
342132
163115
158431
100289678
147808
7633
126375
90576
55552
54753
643641
223082
284312
7579
90204
140831
65249
23053
158586
2
8751
29882
27063
633
651
761
727677
8646
149461
10256
1271
1305
91522
64180
8193
1816
1932
646270
2255
2348
2566
54762
2891
727936
9001
64399
3176
3198
3352
126119
3739
57608
3834
3955
3982
101929769
130576
55384
100289404
107075117
26257
440345
169611
56110
200150
56341
51285
54715
6035
388591
860
642658
53358
6649
92369
338596
79875
84948
7134
285412
284076
1890
201181
116412
9429
43
93953
6296
100418921
89
9507
575
221188
64123
199800
196
100216487
63982
100652899
290
314
316
187
342
116984
55843
50649
646450
115761
387684
101928788
132946
221481
415
51676
100127952
23130
100507097
540
6795
283358
80115
255877
638
101669762
762
768
777
782
796
84254
10753
841
255057
90060
149483
83643
729440
10309
2826
960
978
64403
1002
8814
1951
9350
1139
23152
100419056
24146
137075
125875
161198
9976
54102
340204
389383
124817
1302
1307
399948
57699
27132
55118
1413
1419
1421
1427
114784
8029
1592
1594
168002
747
91351
64798
91319
26220
9162
27120
9940
65989
26052
1780
100129739
1906
1909
319112
100130211
100874491
100130260
64800
151651
1959
1960
2000
79993
2014
2022
6824
254013
2116
64855
388581
158228
140876
440078
84691
644815
355
90342
389549
2246
2250
2619
2637
2735
51291
100130060
2796
127845
2811
2843
63940
57822
2974
100689229
3037
3040
414764
83933
59269
645940
646956
84525
60495
3269
9953
389792
3479
53833
3563
729101
105369987
83729
11185
387755
3669
64843
8515
80271
3710
3714
3718
3736
3745
3757
27133
30819
3770
56660
643535
9764
90990
83855
5655
5653
79412
3902
3931
340596
375323
64130
100188953
751580
400619
170425
389634
102606463
101929344
100505683
101927621
101927667
724087
100505929
100287225
4004
114783
84171
219527
57554
347730
4125
4294
4151
4157
645927
196410
4239
4242
146664
102724827
9645
4277
407003
104457406
100423020
4327
148932
79922
642475
64978
118490
100289371
4515
100463489
4585
4599
4606
79784
23218
1463
84807
4808
22795
4821
4862
642778
440348
100129795
100130606
9572
441478
145957
4985
4986
10819
161725
728361
89932
5069
56135
5141
23037
494150
5293
114780
442156
402116
5327
5336
257068
51090
5362
55163
127435
10891
170539
26051
5544
639
5554
145270
5593
389333
5961
5698
9051
5744
5753
54814
326624
5923
5924
54922
30062
116362
57333
145226
5971
387849
54894
286140
100131998
284654
349667
283726
286133
57715
8482
5272
5054
56256
124925
84251
129049
10019
6456
6461
388336
140885
4990
83733
10999
85414
83959
6543
121456
10599
28232
81796
440354
219537
103091864
79104
692058
26822
94162
79856
6656
353324
132671
55064
6691
83985
90853
6644
8406
6736
6776
92335
55061
6854
11346
94120
94122
6890
7066
80731
257000
27134
9911
84286
399474
126259
360200
3371
7127
7128
8794
8711
222699
751599
100131268
100128483
102723852
55223
102724594
133688
11045
27005
50853
389246
7450
124997
11197
54739
7498
647051
246737
80149
7549
7568
342909
147807
100507290
9625
2180
51412
8038
11096
153
57491
22977
220
238
729198
9068
100131031
57569
64283
100506084
389652
478
491
2583
602
27319
635
654
9024
728819
10882
114899
164633
774
776
869
645158
23492
221262
886
401145
11314
51286
283848
348807
257177
653275
728324
8534
53405
64084
157807
169044
84940
132864
10814
23418
641457
119437
399697
92196
51473
23109
22898
54769
1749
1750
642797
1770
92737
1804
1813
1834
78986
100422254
64641
253738
1942
1999
83401
55068
115704
23017
51059
642938
196792
131583
54855
339145
146330
654466
2354
11227
2587
84253
2624
2668
283685
643699
2813
151306
115330
1880
8111
64388
2946
2949
101926918
3060
84667
8336
8344
8342
80201
3199
3213
3214
9951
3623
3624
3642
80760
9312
3746
30818
100652824
124602
84634
3897
144811
3909
3975
645323
100874188
149837
400084
375295
100506421
441389
53353
441381
644397
4062
4128
23542
100500872
7681
254956
4547
4582
9961
9172
4661
23040
259232
342977
24142
89795
56901
140825
58158
4807
79815
349565
8715
6134
10811
100288332
729978
10361
4929
51299
140767
84628
79873
57495
222950
57624
4948
3175
390874
56914
5024
135138
54873
164091
56138
56145
56125
54660
56108
100422595
5121
5178
5179
375189
116154
5309
5355
54886
64748
5455
5457
8541
132160
5526
10216
5582
170394
221749
25837
5864
387496
644943
375316
10740
729857
6000
162494
100462810
23504
106481762
79589
727800
27156
84870
10900
10590
124404
5345
6557
57084
6506
10991
57835
84631
440087
100507341
64094
6615
6616
54212
26206
54961
6750
6769
9754
9899
6853
6870
221400
7007
83659
55901
220359
92293
55365
28959
256130
84000
100616668
7200
7224
79054
134111
340260
2277
146177
7476
114786
219539
170261
286128
7757
89887
163223
388523
57643
80325
26027
100132380
440482
40
728611
149478
728
730
377677
51063
84660
100128459
11126
11135
1016
27254
285429
196385
84677
285596
100422535
2296
486
79153
2732
441124
100507462
8367
100996501
100130660
442338
102723508
3741
3749
114818
114792
148645
283487
100862704
401321
100507501
136332
266727
85001
91807
51168
4542
100132681
347736
10886
101928904
83714
10039
5077
5280
8398
100507444
29964
344405
5769
5896
106479396
106479524
57758
201232
126969
6522
100422558
245711
441272
23145
80765
285966
100873786
28755
7185
162514
91544
7483
133923
493821
57232
283933
53947
79575
10863
80332
57188
150
55966
144193
645784
397
7984
9914
525
343515
631
149428
683
92291
286207
9075
1293
57175
100288463
1545
1577
1747
10655
100420003
55531
84141
399823
8326
2567
339896
117248
50614
2625
390637
2690
100131281
26585
100421431
64135
391526
3481
3589
3748
3750
100996930
100505865
100506385
79705
4054
653639
102467146
55283
4222
317751
10205
359745
137290
143662
29895
4647
4824
100286929
4978
100420591
56666
344838
5088
27115
401
84647
10761
91584
5583
51450
5623
5837
5697
5649
9628
54101
106635535
127544
646260
56920
5104
23758
85358
134549
6495
9376
341880
132203
84690
124044
55304
646520
100421648
10388
79953
4070
7022
7056
84283
54863
220115
390595
7379
155368
65266
54361
113763
23414
129025
144568
103021294
10058
1244
145447
68
644961
88
113179
117
30817
136
100127958
51327
150209
100128817
106480306
126242
8644
246182
442131
239
259
286
338440
140564
23237
58504
201176
64333
445328
408
9048
438
643159
57194
100287755
100505704
79369
100885775
55024
55509
63827
64919
79370
8553
100421704
771
94032
146206
843
858
874
387707
643677
160762
101928991
56477
140706
895
645121
135228
912
919
60437
92211
392265
100419930
10669
55584
1160
652904
5010
390363
1201
100132332
1295
78989
1369
151835
119587
83716
1414
200575
1474
124637
157317
1583
1555
1573
260293
642776
359774
100129009
85443
100129640
79958
25786
79132
148252
58512
373863
1794
135656
1800
1801
151871
359787
340168
51207
100381215
8291
1842
23644
100129866
106481691
728698
646171
8637
953
253152
55040
83850
59271
90332
2160
2161
8263
729163
100128043
729610
150368
79843
348378
729830
221303
9413
151647
389119
100128781
729533
149297
222584
83416
401981
91893
553112
152273
26281
2253
84929
643988
163479
8061
23105
100420300
100462794
2524
9568
2554
2569
79623
170516
389970
391367
441572
729493
729403
2613
442262
100505592
729438
2638
2645
51301
51608
2675
2678
2701
349149
89944
256710
2793
728477
84803
23171
170589
10457
114787
9721
83445
653689
121355
2984
653188
3049
3059
348980
10021
10870
23072
10086
8332
8353
100130561
319130
100128227
100419947
645201
3174
100421424
3248
3249
10855
117245
9957
9956
9955
266722
730211
26353
644016
3350
3359
8372
3383
126917
340198
79713
27189
26280
53832
51561
83444
3664
100287193
3675
26548
142683
152789
256949
170850
57576
147700
57565
26085
11202
100420843
3876
643471
344866
343326
646723
284085
388533
283455
3910
3918
10319
3936
3937
100190800
100131934
122199
79854
106478991
100874261
554279
100287314
387723
401232
100507173
100652853
102216342
108570035
79414
116135
347731
27076
157713
11178
130951
8174
158056
149175
4217
80327
8785
154141
255231
728556
4223
407022
407040
81571
197259
51085
10893
137406
359763
286423
692094
4499
140851
100420621
107075310
100463482
4580
4584
4620
100422437
93649
25924
404635
388112
27158
81832
442290
4815
646392
91662
401010
4838
408050
4842
4843
4846
344022
4868
375387
729148
256646
55753
106479059
26254
10821
51025
64761
101978785
56147
56134
91523
5148
5161
326616
100132594
342705
391044
9796
118788
23533
150967
11187
26499
79156
55200
57088
5409
84820
5443
5463
653505
140913
121981
392285
100420927
389935
100421295
440525
284338
729779
5699
345645
5724
5732
9536
260434
401409
5880
100128880
100130621
8437
100130603
100421047
5979
144347
79651
171177
6014
106479205
106479413
100873478
100873686
7732
255488
100132467
100272220
729020
343637
132112
80183
6262
140700
154075
645313
6323
6326
6329
9717
64218
729399
6318
2810
51296
387700
80704
6582
440044
25769
6517
55630
50651
200931
113278
6538
9056
28231
284422
333929
101290500
100505616
677826
594838
26765
347454
83595
11262
8404
100861435
646213
29906
342667
6770
112755
55359
100127922
203328
6847
6850
8224
284612
84258
55357
50945
100421350
158931
56165
732253
390816
645381
7093
147798
284339
646360
728229
401498
221468
643382
219623
123591
388730
144110
28983
7116
100233198
7130
64102
100421439
51127
91107
57159
203062
22996
7273
647000
643224
171222
402682
83878
124739
8433
27287
7433
653440
645638
127086
51087
7712
442240
84905
118738
7784
342945
