84945
58527
62
642443
56985
541
723972
646791
23519
147495
100505854
646348
729790
219681
414
504
645560
654480
246723
359997
53409
92270
100421045
731605
389416
319138
647076
652960
151579
644877
802
804
806
807
401237
100420689
645251
100147811
644101
100151661
391739
644131
643751
100505876
1061
221017
79094
53344
51287
81993
100507102
100289170
285849
9384
1348
9386
126129
161635
100526776
1498
404217
83530
645084
1661
10683
644588
644589
548645
319111
374946
728532
100506710
54054
440595
644604
133283
100421796
1934
644820
126037
93556
280661
730144
106481690
728350
3647
134505
143341
286512
100128771
645579
100421390
55520
644548
29902
646851
619208
100129583
728115
729073
100216479
140623
143282
729614
23768
100533642
8790
100289097
392437
284764
100131743
100329108
728344
440270
221914
79712
728023
399994
100859930
100289545
10354
645292
729119
729952
643790
727795
642659
653115
319133
8251
389053
644063
100125387
3314
266724
643300
644745
345041
326300
100507046
83982
280655
100132815
100128337
100422691
729176
641516
27345
10984
57501
83999
3947
137994
10186
140828
285708
286411
283624
100506334
148189
339290
729678
100505687
400657
338758
100506190
100506380
643401
644873
550643
100507217
388341
101290506
653122
116068
1955
399818
84326
440823
100506211
326591
106480796
107075172
100652939
100129561
124685
389240
729561
100130335
728589
730174
100302751
102724866
402175
729565
4730
128414
4826
100422243
440577
4874
90859
100130466
23738
246785
144203
647033
26978
341315
5051
144
56965
56133
56100
171423
100131801
100303755
101928527
5334
91405
441194
100131261
100289640
79717
79144
7002
64596
151645
284672
441050
5759
150928
100506965
442775
26134
100128974
112846
5938
728913
25996
340526
84900
345895
152905
647009
142891
6332
157489
100420341
389662
641977
100418720
100130564
389866
442112
100420450
389168
449645
84826
729012
6922
120103
6546
84189
401744
400129
646196
100129361
643155
10924
104472715
285958
100507246
84973
100130109
170550
100130289
100130003
126506
171424
9576
653566
100419416
100130190
100422603
144106
157530
64940
6781
441505
106480442
285647
400011
285343
399511
85012
253665
645233
157695
442777
648283
100129793
646202
219902
645203
92691
124491
130733
92703
147184
100506723
11013
7118
100129272
11257
646839
127262
285741
389787
286144
391358
57570
100131187
286495
619519
246126
124974
151276
171560
100271031
283991
100037280
646463
730052
100287215
790955
10975
440567
441818
116966
50631
158373
646531
402375
440917
150554
143371
51351
7700
56242
10778
84671
7587
79750
90649
84874
162655
147947
148268
147949
80095
342926
340252
148213
91120
90592
100129543
163131
730051
664701
400713
79963
100129013
84517
11093
171019
221442
133
79924
347028
246181
84964
57538
126549
54522
101926917
339416
55317
100506013
642812
282679
389137
55130
653308
645443
520
390581
138234
138864
53410
100130396
135152
728366
83875
221336
266675
105221694
100421515
100421311
100287229
100129259
100422268
100128678
388419
653189
345829
652959
503543
391592
554049
100422299
340591
93589
100526820
643193
399748
84698
117155
100421861
91050
100420678
728591
344709
643669
728887
402226
390415
643180
57124
938
157956
220786
100130384
200373
144535
142913
646572
1120
101060146
9435
728599
100131828
1365
646609
442447
1197
100132341
171425
646300
285521
319087
10404
114819
440359
100420253
1497
23316
606495
120227
113612
10858
83528
1624
100132724
401533
192146
100421328
100130117
414918
120863
139189
400126
573971
79469
220107
127343
79962
100129460
171220
344595
100873911
100873914
246720
57593
100421829
647167
387845
401717
645693
645715
442709
124199
100421854
390924
389179
441032
442429
442258
100130388
646837
100129403
642357
79645
100130771
283014
442720
645368
319117
100421533
359792
341784
100421528
643873
339881
645207
100131693
401316
197342
387712
319114
6825
100132121
64789
158584
728641
729234
353267
728640
728066
167555
728215
400451
440585
100420875
100420916
100128071
286460
100421588
645332
692099
348926
440905
84553
150726
54099
90024
283226
2341
100132352
391059
2502
2504
2501
53827
442231
100420259
728564
347687
100418751
55592
63906
151556
26996
11245
2842
2850
81491
344813
2964
100093631
387036
347376
100287087
401494
3031
728921
441484
653175
493812
100419489
474167
101101692
440248
100874455
730647
100873894
692147
729595
646993
100506039
100289191
644037
100131130
344697
664722
645691
100421379
100421398
388275
100421413
387933
390294
100421828
100127907
402216
106480233
389322
442157
645204
319134
100288483
3292
541611
644495
399988
100287551
402143
283320
645548
100506000
106480254
728432
414328
57722
347252
402665
3588
3590
10068
3573
387597
100421506
54045
255783
100505573
285634
100129708
100418819
79781
340192
10265
140862
729920
54207
27094
375616
100422273
646808
106478910
389386
644578
158222
729666
100289475
163175
64211
205251
100287569
29092
151477
100128782
728855
100506433
100506930
100505576
106660612
57234
283663
400946
401074
100128822
100216546
338799
400955
728537
388685
104472717
92249
102723775
149134
100996511
400945
105373144
101927217
101928062
100506119
101928913
54944
203414
10234
151827
388886
54674
647302
100130178
201229
145748
90352
54627
139201
79929
8512
100101490
130752
286239
10873
64863
388931
100507316
406920
101928469
84848
102465492
101928736
693235
4320
4362
359740
359739
100885866
100887750
347705
4479
645652
107075141
4523
339483
100887749
100293090
100462983
4636
54043
100431168
745
651144
100128894
729177
401967
10230
100421096
100128711
100190952
100128596
414200
100132796
152519
158801
441238
9241
402191
106481967
100874381
10836
10835
10829
10828
4871
390411
100422312
399804
100131478
100128985
729686
4875
255743
100506668
100420557
100420307
200035
89761
93129
100130038
645264
389884
170533
780814
780813
25891
56903
728407
100506696
253272
100507361
100527946
100527947
646278
285359
644850
50940
109731405
730138
161779
5233
390730
653441
5282
390940
353511
100420258
10154
5382
100288506
284167
5453
94274
286187
55370
100506012
130814
153768
101867536
80863
100131775
79055
326617
729412
643668
170541
280644
317753
280637
338099
338098
118672
11191
5740
728873
5767
646981
26255
29942
9207
131185
100420047
5907
5918
5919
221002
100420527
727842
391804
441391
100132580
317671
5986
54031
100422371
126432
106479468
390766
285533
200312
643446
729608
730092
91695
100129755
201191
161394
442060
1757
400836
100131656
728609
157708
729799
730005
223117
9723
9037
10501
10500
100873333
317774
100418735
57108
389217
619349
170548
253970
153842
100128618
55972
81031
55532
55089
100288436
28968
150159
6579
100271884
442233
100506060
644538
100287482
283596
388796
100505806
654434
105376843
735301
100131940
114815
6665
9806
165679
653464
100420752
153932
653226
54021
100131961
442582
90529
728938
283398
728706
474338
285829
255928
50832
728737
494540
6916
100462880
283747
246717
647047
6991
283523
113419
93081
260341
100422711
100422712
285872
391524
391276
100874417
553121
100101407
375346
89894
128218
65084
51524
441027
100113407
84222
130612
440104
26175
106480320
100533619
4982
27010
147804
7172
400650
101060176
100421480
643870
129293
388630
9865
144448
128854
650368
100130890
222052
23508
92755
100507043
261735
122837
100130239
100271343
7315
326105
100130139
100421341
7339
147226
147150
442454
100288307
254700
100287272
642585
10064
359800
341965
100130535
100421731
147645
391559
114987
646086
56964
151525
7473
23302
339843
100996851
389610
55113
170559
387703
389901
400209
100422666
649395
729898
643136
730239
339559
100125288
284307
7691
7710
7569
7754
7673
286101
26974
729288
195828
342908
155054
353088
79973
285676
84503
147741
147929
54807
7617
100130934
641339
728927
100129842
7626
284309
163115
388507
90576
642280
345462
100419709
7643
7661
6315
633
1305
81578
79007
1932
646270
790952
171559
100130009
3352
3834
200634
100506465
100131138
442894
100289404
401825
26257
440345
100129237
100289584
729342
442006
100130233
389537
200150
100133206
338596
199800
199
100216487
263
340120
100652899
342
387684
645440
729096
652961
645859
732448
100130481
1307
54360
266917
100130211
100421756
1960
100151640
100132916
158228
9965
2637
100270790
100302689
414764
9953
389792
3770
116842
129402
400619
283981
170425
389634
102606463
100287225
346389
102388891
406981
407003
359767
10408
1463
100422259
440902
100128410
100422261
100128903
100129972
100130606
392428
283869
728381
100874387
728361
728773
101927423
654427
147699
389333
5652
100130923
5760
25907
100128483
170556
64409
246737
729198
9951
3816
55203
400084
100462954
100505738
100271918
100288332
100462810
340543
92293
163223
388523
441124
100996501
106479524
100422558
344653
645784
380
9914
390424
343515
683
132556
283631
100288463
646378
100420003
2567
339896
50614
100131281
100421431
100421794
391526
3748
3750
100996930
100505865
100506385
102467146
91862
317751
642587
116535
359745
137290
645996
100286929
387924
100420591
5088
7941
51450
5623
106480775
646758
100421131
106635535
284288
646260
100856878
23758
341880
132203
646520
100421648
10388
643503
220115
390595
10351
9619
92949
116
57211
9472
284
147463
121601
429
8708
8707
343472
145741
828
54897
28316
1051
1113
7122
254263
5067
152330
1281
1397
55790
4921
1607
28514
63950
8447
1879
25975
1995
2042
203111
23086
2070
93986
2572
10912
78997
2669
2696
8001
9630
54329
2893
2913
2977
253012
8349
3673
3773
3763
9314
283212
90632
4010
57689
57408
4060
338645
84466
100289489
399959
100131234
100379345
388815
22915
6150
53904
4681
344148
10397
64579
4760
64067
190
118427
9480
116039
5053
110231149
56126
56122
57717
5126
5142
8622
5166
29951
55022
59339
10631
222171
196475
1901
389432
7857
55800
80274
400120
23544
25759
283514
6493
162515
6570
26050
6591
11005
9705
11075
81551
171024
6855
7980
7054
221981
81615
114801
25789
140691
7227
10194
7276
388165
128434
339005
7477
441376
154664
24
5243
23457
10060
225
116236
84448
32
9744
122970
55
644220
67
100418910
11086
81794
170690
170692
9509
54507
203054
577
343296
10555
113146
84883
100419075
206
10566
1645
216
8854
160428
644974
130540
257
23600
219287
268
272
283
256006
122416
57101
10297
335
338
81575
644649
360
100130693
9912
395
10865
340075
51666
285973
485
148229
26033
60370
8705
84752
79870
53630
724038
389206
7439
168667
106480285
644754
286494
652963
10384
646614
11149
729409
100128603
126567
767
81928
9478
775
8913
783
785
27092
10203
91860
57172
815
814
57662
23066
440278
863
100130461
256309
80129
729665
374864
100499483
84960
387856
339512
26112
91409
60494
885
8900
100132073
948
246184
1010
1007
8941
1031
1032
1038
124359
27439
11189
645455
375298
286464
255101
55997
645317
26038
57053
51363
1154
163732
9076
728276
7461
27098
134829
129607
140894
729530
1272
6900
84570
1285
50509
8292
375350
10699
11151
10391
140468
122867
140603
64506
131034
1374
84766
9244
200186
1406
1415
114788
401914
80169
9811
1520
6376
1593
10800
117154
340578
1630
8642
166614
440081
100133180
123099
91614
84649
1609
27294
9077
729582
101929222
57540
29958
352909
8701
201625
55466
144132
390213
220164
554236
349152
1806
1815
1821
1825
1840
53905
1849
83657
9427
60401
643563
646612
402420
100132358
442215
391698
90288
374786
80864
30846
493861
100129045
340947
100421579
100129692
1980
400954
2018
196047
375704
79852
2066
127254
220081
2081
90952
11082
266693
729041
83541
387071
202134
83648
90050
84182
23359
51313
729535
54757
56975
84915
115572
81553
153643
151354
79633
10516
26233
114907
26270
285231
23149
222894
2242
89846
8817
2252
2321
56776
84624
79025
2355
2503
2508
2499
2509
2500
197258
5045
2526
53822
2561
55879
374378
26290
647001
2611
642259
346085
2620
10634
2629
26301
151449
2667
492303
102723099
100126793
2710
342035
2738
144321
2749
92292
219970
2785
2792
653641
653643
647042
2262
2825
387509
2890
2897
2899
2900
2903
2918
54103
2951
2979
2983
441046
352887
3003
23498
57657
51696
85441
283755
8916
55008
283987
8329
8341
10355
654503
643744
644498
51617
284293
100421351
100128836
100129920
400769
645001
642958
402562
389395
644390
3212
3217
3274
326296
158160
441051
100287369
3358
5654
94031
25764
10320
53342
3574
8821
11213
8471
221895
126306
23630
3769
3759
3764
3780
3786
79734
146212
100144494
57604
25758
85352
340533
23046
55083
84063
651815
122773
339451
55295
257240
10324
85442
3844
84626
124751
374454
728638
24141
100190799
753
7044
285908
100133205
100131814
284029
100506697
400680
100499466
254312
285286
339894
100302640
401106
100131434
100272228
283143
339535
339524
100505532
285084
646168
100132501
84536
101927067
158038
3991
9388
503693
4015
64900
9404
57622
145581
55805
4037
390205
81543
651250
201255
115399
221424
400891
84230
26045
286006
541468
80741
388695
9762
4081
10586
340895
284358
57134
389840
5603
225689
54996
55016
441061
115123
23031
255374
4168
161357
1953
4241
149281
25895
9848
11043
406962
100616193
100616323
693201
83881
84315
727957
140699
4439
4481
11209
23281
25878
4618
157667
23026
4642
8736
91977
90634
23148
4669
162417
339983
101929780
374383
79625
266625
152110
100381202
23114
4772
4774
4781
100270648
55335
79570
105416157
644524
338323
115677
4886
4889
2494
4901
9379
56953
59277
4915
254552
128322
11247
128506
440836
93145
25903
90271
23762
114879
220213
165140
29993
55824
79447
57144
56924
5071
5080
5091
101928099
54039
56143
56124
56123
56132
56131
56129
56127
56114
392454
5137
5143
157310
246330
8863
51555
5222
5224
653895
5239
653583
728233
29992
29990
27039
5321
5330
84812
345557
5337
25894
57449
196051
163404
56937
84968
57469
353497
84197
64091
728378
5456
8497
5486
134997
5480
9677
100507617
220004
5509
63976
10544
254427
51334
79056
83886
5662
130700
100422411
139411
5734
5758
5761
5774
5791
5798
26056
53917
5874
115273
144715
55698
10267
5909
11069
51195
22821
51655
10125
100132808
442234
65055
9185
389075
727851
5996
100128628
8601
388531
121268
319093
730041
107075307
284485
9783
6019
106480498
106479390
100873417
285498
100506872
57140
79897
388394
57521
6236
65078
154661
9853
100419903
6258
6260
6263
148398
11280
6328
6330
11341
27111
10505
1731
106480343
5271
6445
10044
153769
6462
399694
56961
57477
6494
6560
57468
26266
6565
9121
9120
23539
55356
6584
57419
253512
399512
11001
28965
64078
169026
1318
339665
148641
80723
206358
6519
30061
84102
113235
6508
8671
55117
353189
133482
6586
114798
4092
105371564
399668
644596
643008
10322
9892
692205
100874413
100130932
6640
101060005
54937
30812
3431
100505741
647135
6489
8128
90627
169436
100506685
100289663
9399
412
387082
22987
127833
6861
6887
440142
9797
4943
23329
494541
9096
6926
6941
10312
200132
100124696
27285
441687
122046
401014
29842
7041
7043
399774
9473
7068
53346
8577
23671
55273
80757
222865
441151
388021
8269
645426
55026
203197
115650
8718
8742
7292
7145
84969
286016
644566
11076
51673
646193
126003
10345
11277
29953
57761
388610
7222
7223
59341
57616
199223
253724
164395
113691
645668
7287
93202
23668
100129983
283711
7333
440406
22888
80329
219699
81622
9098
10451
647319
5212
400673
155382
151790
7480
7479
64131
442266
152098
29800
653082
79683
150244
80108
124961
7566
7739
651302
7571
219749
57567
399669
22891
25946
340385
9745
163255
147837
388567
401303
54753
140831
65249
727677
64180
390352
647030
2566
126119
3751
28999
101929769
107075117
56110
51540
642658
285412
116412
43
6296
100418921
89
9507
575
221188
64123
63982
290
316
187
55843
646450
115761
101928788
132946
415
51676
100127952
23130
100507097
540
80115
255877
92558
101669762
762
768
777
55799
59284
84254
10753
29775
255057
23624
115948
149483
83643
729440
10309
2826
958
960
978
100419056
137075
161198
9976
54102
340204
100421338
124817
1302
399948
118881
101234262
57699
27132
1413
1419
1421
1427
8029
1592
1594
29785
168002
747
139170
91351
64798
91319
26220
9940
65989
26052
100129739
729630
1909
1910
319112
100874491
100130260
64800
151651
390394
79993
100420612
6824
2170
388581
729085
83723
440078
84691
644815
2203
343332
90342
2246
2250
100873790
2497
729009
100240709
51291
100130060
2796
2811
2827
2974
100689229
3040
1839
100129086
100506595
645940
389674
646956
84525
84842
60495
3269
222537
100420080
8519
3479
9641
53833
729101
105369987
83729
387755
3669
64843
8515
3714
3718
3745
3757
27133
30819
8645
9424
643535
90990
5655
10219
346689
360019
391827
441160
3902
3931
340596
375323
64130
100188953
751580
440132
285401
101929344
100505683
101927621
101927667
724087
100505929
4004
84171
219527
57554
256586
4125
4294
4157
645927
4239
4242
79847
102724827
4277
104457406
100423020
4327
4318
642475
64978
359766
118490
4503
100289371
4515
100463489
100463498
4585
4599
645094
23218
4831
642778
440348
100129067
100129795
9572
441478
145957
4986
10819
161725
54852
56135
494150
548599
5293
114780
442156
402116
5336
257068
51090
55163
127435
133522
170537
170539
26051
5544
63978
145270
5593
5698
5753
5820
54814
286472
402183
5923
5924
54922
30062
57333
387849
286140
100131998
284654
349667
117156
23679
57715
5272
56256
642869
124925
84251
129049
10019
10045
400745
6456
6461
63910
6571
83733
344371
8501
85414
6543
121456
10599
81796
440354
103091864
79104
692227
692058
26822
94162
6656
221833
353324
55064
100131250
6691
399473
6644
8406
6736
6776
256227
55061
6854
11346
57586
80731
399520
7079
9911
399474
126259
360200
8711
222699
252956
751599
100131268
102723852
55223
7277
102724594
100128617
201294
11045
7429
389246
7450
7498
647051
7549
7568
342909
84891
9625
51412
8038
11096
108
153
22977
220
238
9068
124930
100131031
8120
57569
64283
100506084
87171
389652
478
491
2583
602
27319
79365
635
654
9024
728819
10882
114899
164633
774
776
79012
869
645158
23492
221262
886
401145
11314
10435
51286
283848
348807
257177
653275
728324
8534
64377
53405
64084
157807
84940
132864
10814
23418
641457
119437
642909
399697
92196
23109
22898
54769
1749
1750
642797
92737
1813
1834
78986
100422254
64641
253738
83401
55068
2046
115704
23017
51059
642938
196792
131583
54855
339145
146330
2229
654466
2354
2591
11227
2587
2624
2668
2775
283685
643699
2813
151306
115330
1880
8111
64388
2946
101926918
3060
84667
3012
8969
8336
8344
8342
80201
100129919
728776
3199
3213
3214
3623
3624
3642
80760
9312
3746
30818
124602
84634
3897
3909
10637
3975
645323
100874188
157627
149837
375295
100506421
441389
53353
441381
644397
4062
23542
25834
100500872
7681
254956
4547
4582
9961
4661
23040
342977
24142
89795
140825
58158
4807
79815
349565
8715
10811
729978
10361
4929
51299
140767
84628
79873
57495
222950
57624
3175
390874
56914
5024
135138
54873
56145
56125
54660
56108
100422595
5121
27344
5833
5178
375189
116154
5309
54886
64748
5455
5457
8541
132160
10842
5526
10216
5582
101929293
25837
9363
5864
387496
644943
375316
10740
6000
162494
106481762
79589
727800
27156
84870
10900
10590
6335
124404
5345
6557
57084
6506
10991
57835
84631
440087
100507341
6615
6616
6623
54212
26206
6750
6769
9899
6853
6863
6870
7062
221400
7007
83659
55901
220359
55365
28959
256130
348013
79041
100616668
7200
7224
79054
23025
340260
2277
146177
7476
114786
219539
170261
7757
89887
80325
111
100132380
200810
40
728611
149478
728
730
377677
51063
100421943
84660
100128459
11126
11135
1016
27254
285429
196385
84677
285596
100422535
2296
486
79153
2732
100507462
85236
8367
100130660
93164
442338
102723508
3741
3749
114818
114792
148645
283487
100862704
401321
100507501
136332
266727
85001
91807
51168
4542
100132681
347736
10886
101928904
10039
5280
8398
439953
100507444
344405
5769
5896
106479396
57758
201232
126969
6522
245711
441272
80765
285966
100873786
28755
162514
100128525
7483
133923
493821
57232
283933
144568
103021294
10058
1244
145447
23205
68
644961
88
11095
113179
117
30817
10149
136
134265
174
100127958
51327
150209
51151
100128817
106480306
236
126242
8644
246182
730086
442131
239
259
286
170961
338440
3734
140564
23237
58504
201176
23779
64333
445328
390844
441131
408
9048
438
643159
57194
100287755
100505704
79369
93010
100885775
55024
55509
63827
53335
64919
79370
8553
146439
100421704
100652796
1620
54836
771
91768
94032
84433
146206
843
857
858
874
387707
285025
643677
374355
160762
101928991
10344
56477
140706
895
645121
135228
912
919
64866
60437
92211
392265
1046
100419930
10669
55584
10164
1160
652904
5010
390363
1201
100132332
1295
78989
1356
1369
151835
119587
92359
83716
1414
200575
1474
50624
2921
6374
6372
124637
157317
1583
1555
1573
260293
642776
359774
100129009
85443
100129640
79958
25786
79132
148252
58512
373863
1794
135656
1800
1801
1803
151871
359787
340168
51207
391012
100381215
8291
1842
23644
80820
100129866
106481691
728698
646171
8637
2016
953
253152
55040
2078
80004
83850
64850
59271
90332
2160
2161
8263
729163
2172
100128043
729610
150368
642273
79843
285016
27112
348378
729830
221303
9413
151647
389119
399656
100128781
54097
9750
729533
149297
222584
113828
391174
83416
401981
91893
553112
152273
26281
2253
2264
84929
642489
643988
163479
8061
27022
23105
100420300
100462794
220793
2523
2524
9568
2554
2558
2569
9514
79623
11226
170516
389970
391367
441572
729493
2601
729403
100132601
2613
442262
100505592
100419764
729438
2638
2645
51301
9573
51608
2675
2678
54810
2698
2701
349149
89944
112937
389741
256710
2793
728477
84803
23171
170589
10457
114787
9721
392281
441481
2886
2895
2914
83445
653689
121355
2984
653188
54049
100462795
3049
3059
348980
10021
10870
23072
10086
8330
8332
8970
8350
8353
8355
8357
8365
10357
100130561
100419996
100129706
319130
100128227
100419947
100420063
645201
100132863
100419972
644502
3167
3174
100421424
100421395
643689
3248
3249
10855
117245
9957
9956
9955
266722
3291
8630
730211
26353
644016
54047
100132346
106480255
3350
3359
3363
8372
3383
3620
126917
340198
163702
79713
27189
26280
53832
51561
83444
3664
389293
100287193
3675
26548
142683
23338
152789
84502
256949
170850
3781
386617
126695
9674
57576
147700
127707
57565
26085
11202
3818
100420843
3876
643471
344866
390418
343326
646723
284085
3855
100418737
388533
283455
3898
3910
3918
10319
645900
107075219
3932
3936
3937
100190800
100131934
122199
79854
647166
106478991
100507428
101410541
100874261
554279
100287314
387723
401232
100507173
100652853
102216342
100652736
100996702
108570035
4023
79414
79442
116135
347731
100303745
27076
157713
11178
130951
8174
158056
149175
4217
80327
8785
154141
255231
100873985
84935
728556
4223
25840
728996
84879
407022
407040
81571
197259
51085
4311
10893
64386
55034
4354
359737
221717
137406
359763
64951
286423
692094
4496
645745
4499
140851
100420621
107075310
107075270
442098
55613
100463488
100463482
4580
4584
4620
100422437
58498
93649
196446
25924
645108
79923
404635
388112
27158
100306975
100128889
81832
442290
4815
646392
91662
401010
4838
408050
4842
4843
4846
344022
4868
10833
100422313
100422272
4881
375387
729148
326613
256646
55753
106479059
26254
10821
58495
5026
780810
51025
64761
101978785
56147
56134
91523
255738
5148
5161
326616
647307
100132594
342705
100130579
391044
100418804
9796
118788
23533
150967
11187
50487
8605
26499
79156
55200
57088
100506715
5409
150379
84820
100422395
100422391
5443
5462
642559
645682
5463
653505
140913
5483
5485
121981
392285
246731
333926
84152
100420927
389935
100421295
440525
284338
5639
729779
5699
345645
5724
5732
9536
260434
730016
64284
401409
5880
100128880
100130621
100128266
8437
100130603
100421047
285613
5979
144347
401190
79651
171177
6014
106479205
106479413
100873478
100873686
7732
255488
100132467
100272220
729020
85495
100420159
343637
132112
80183
6262
140700
154075
344988
645313
6323
6326
6329
9717
64218
6406
389873
729399
553148
6318
326277
642737
100419178
2810
9047
6503
201780
51296
387700
80704
6582
440044
25769
442525
138412
6517
7781
92745
55630
50651
200931
113278
6538
9056
28231
284422
333929
101290500
100505616
677826
594838
26765
692086
100499258
100129566
100874414
54221
347454
83595
11262
8404
6689
54466
100861435
100130799
646213
643310
6768
29906
342667
6770
112755
55359
100127922
203328
6847
6850
8224
284612
84258
55357
50945
100421350
158931
6939
6997
6998
56165
732253
646359
646316
7015
56155
390816
7058
645381
7093
116441
147798
121256
284339
646360
728229
401498
221468
643382
219623
123591
161291
339456
388730
144110
724059
28983
7116
100233198
7130
8797
8792
943
8600
64102
402643
653758
100421439
28638
51127
91107
57159
205860
128229
203062
22996
7273
647000
643224
171222
389898
100288613
221044
402682
83878
11274
124739
8433
27287
79674
7433
653440
645638
127086
100422546
442459
51087
729566
131540
7712
442240
162979
84905
118738
729747
7784
342945
267020
100129736
100131740
343045
100132911
100130631
347673
83715
337873
442661
344741
664721
729423
441026
100128061
148818
653364
646910
100292290
10834
100287472
4884
26212
5004
319128
100287630
3186
57402
100128536
100288661
256536
105375355
