E+P+G+C+M
29.300629764666887
37.64894592117324
45.299022426682
E
0.0
0.09165902841429881
0.6469235192639448
E+P
27.01358965860126
21.53987167736022
30.721679125934447
E+G
1.4252568776930725
1.8790100824931255
2.2282921219091434
E+M
28.405701027510773
15.673693858845096
14.649223691776884
E+C
28.107391448458735
37.213565536205316
42.61069580218516
E+P+G
18.329466357308586
18.446379468377636
25.87694077055779
E+P+M
29.499502817368246
25.458295142071496
32.949971247843585
E+P+C
27.908518395757376
34.188817598533454
42.1794134560092
E+C+G
29.797812396420284
38.35930339138405
44.364577343300745
E+C+M
31.05734173019556
38.19890009165903
44.82461184588844
E+G+M
26.383824991713624
14.688359303391383
16.17308798159862
E+G+C+M
29.035465694398408
35.219981668194315
45.586543990799306
E+P+G+M
29.930394431554525
27.703941338221814
36.443358251868894
E+P+C+M
27.543917799138217
38.65719523373052
40.238642898217364
E+P+G+C
31.554524361948957
37.62603116406966
43.315123634272574
