ALL
40.48487449045269
45.903614457831324
54.56845910528694
EXP
2.145462347135808
4.743975903614458
4.853140533212834
PPI
25.595365801330185
26.852409638554217
39.18662449164031
GI
4.870199527998284
5.873493975903615
11.586082241301401
MI
40.48487449045269
28.55421686746988
37.550835969272484
COEX
37.28813559322034
43.38855421686747
51.775869859918664
PPI+GI
27.547736537223773
26.02409638554217
38.48169905106191
PPI+MI
36.15104054923836
33.825301204819276
43.0185268865793
PPI+COEX
37.84595580347565
42.93674698795181
50.149118843199275
COEX+GI
35.91503969105342
40.045180722891565
50.65521915951197
COEX+MI
42.995065436601585
46.024096385542165
52.34523271577045
GI+MI
35.035400128727744
25.933734939759034
36.14098508811568
GI+COEX+MI
42.84488307230208
47.756024096385545
52.6886579304112
PPI+GI+MI
37.43831795751984
33.58433734939759
50.77270673294171
PPI+COEX+MI
41.62196953443467
45.19578313253012
55.4179846362404
PPI+GI+COEX
40.120145891439606
42.69578313253012
51.694532309082696
