ALL
42.141129918663445
45.782019704433495
50.939206070139726
EXP
1.1650912288415036
3.771551724137931
4.3212732488202095
PPI
23.785447351066168
26.323891625615765
38.81743314518368
GI
4.6603649153660145
4.725985221674877
11.56657721846951
MI
41.10793581006815
25.815886699507388
35.17164800592209
COEX
38.55792481864146
43.99630541871921
51.54066808550014
PPI+GI
24.137173005056056
25.0
35.763856759507725
PPI+MI
38.20619916465157
32.881773399014776
44.684001110391414
PPI+COEX
37.194987909430644
41.50246305418719
51.62394744147312
COEX+GI
36.293690921081556
41.45628078817734
49.699268992319794
COEX+MI
42.88854693339196
48.506773399014776
54.677523827149074
GI+MI
33.326005715541875
23.229679802955665
37.244378643471826
GI+COEX+MI
42.9984612002638
45.381773399014776
51.49440177662626
PPI+GI+MI
38.46999340514399
32.543103448275865
45.90543166466179
PPI+COEX+MI
41.45966146405804
45.67426108374384
53.76145091144628
PPI+GI+COEX
37.43679929654869
41.964285714285715
51.66096048857222
