55790
8447
196951
8001
9543
688
11019
4060
399959
6150
79730
5021
25849
84513
653566
11005
645203
54916
7477
91975
441376
5244
23457
368
51099
79777
8309
58
70
72
170692
9509
107
141
119016
642517
3268
79814
113146
1645
216
8854
245
130540
8092
257
268
283
285
51281
306
130340
338
200316
9938
9912
9459
10865
340075
41
79870
578
604
53630
7439
666
57795
126567
9478
8913
58509
793
91860
23125
84960
90835
80125
26112
1010
1007
8941
1038
27439
149465
26038
140578
4166
56548
23529
9076
1365
728276
81570
134829
149111
1264
1272
6900
79937
1303
7373
1277
1285
50509
11151
64506
131034
84766
283229
9586
401262
9244
1406
1415
64651
140690
1520
9547
285440
117154
23604
120237
440081
8694
27294
56616
101929222
57540
10395
352909
8701
55466
8448
139818
81704
55332
1815
151636
1847
1849
9718
9427
60401
221838
90288
80258
80864
30846
647121
64787
94240
2081
11082
2113
2115
2119
2162
286499
25854
202134
84182
56975
653820
55199
283807
26233
26270
285231
23149
8817
27145
2321
2355
3171
10129
2526
8322
7855
8325
2561
55879
374378
26290
2620
2629
2643
2667
492303
102723099
144321
2749
2792
2262
64582
653519
2890
2897
156
54103
653238
2979
3003
283755
8329
8347
8339
8341
100506311
158160
11077
3385
3486
3490
55540
3566
8821
27124
11213
10379
8471
126306
84541
23630
3778
146212
79831
26153
55083
221458
339451
257240
200185
54596
143903
753
7044
89884
284029
339535
84536
387787
164832
80350
9404
57622
4037
115399
80059
4055
541468
9762
10586
23764
7975
57134
9020
389840
4293
5603
9479
92935
151963
255374
55796
4168
4234
9848
11043
4286
4337
84315
4439
4481
100463486
23281
25878
84073
4618
4621
4635
8736
91977
339344
27163
101929780
57552
374383
152110
4772
644524
338323
9111
25819
4861
4889
10718
4901
9378
51559
220323
93145
23762
165140
29993
55824
79447
5091
54039
5097
56143
399909
9468
157310
92960
51555
5224
5228
22822
728233
29992
27039
5321
5330
25894
5357
23129
29944
84968
84197
64091
5493
57460
56981
5579
10544
79056
5734
5777
5791
65263
26056
53917
5874
144715
23108
51195
5915
10125
91608
283349
282996
10231
5959
28984
5996
8601
121268
399
158787
83547
9610
284203
63891
54941
285498
6096
6236
6282
23034
152579
6330
6331
11341
27111
5414
5271
6445
23678
166929
10044
63898
80851
6457
153769
6462
399694
729993
64849
6565
9194
60386
55972
65012
11001
28965
64078
3177
55315
169026
1318
148641
80723
206358
6519
30061
159963
6533
6541
8140
133482
114798
4091
644596
643008
342527
100130932
6640
30812
3431
93349
100505741
80176
647135
51046
26872
169436
387082
85360
9143
6861
6866
6887
128989
50840
4943
9755
9096
6926
6920
140290
54997
10420
7041
7043
7068
102659353
53346
64114
255104
23671
55273
54868
113277
80757
114795
388335
203197
57393
55092
157753
51330
115650
8742
7145
4796
286262
10758
126003
10345
10612
115708
59341
10382
10587
22888
80019
127733
167127
7368
219699
9098
55697
6843
5212
7447
284403
23144
152098
29800
283576
124961
23217
7753
353355
8187
57567
22891
10794
147948
115950
126375
390980
223082
