9472
147463
8708
828
1051
1113
1397
28514
8447
203111
23086
2893
2913
2977
3673
338645
6150
9480
56126
56122
57717
55022
1901
23544
25759
26050
653566
11005
11075
7980
114801
7227
162655
441376
32
9744
81794
9509
203054
577
10555
160428
23600
268
272
122416
81575
282679
9912
340075
60370
389206
11149
126567
81928
8913
785
91860
814
57662
863
256309
91409
246184
1032
124359
27439
645455
163732
7461
134829
122867
64506
84766
9244
200186
1415
80169
9811
1593
117154
1630
8642
166614
91614
84649
27294
9077
144132
1815
1825
1840
1849
60401
30846
493861
400954
2081
79633
26233
26270
23149
2242
2321
79025
2355
197258
5045
374378
10634
2785
2792
647042
2903
2983
23498
85441
158160
3358
5654
94031
8471
221895
126306
23630
3780
3786
85352
340533
339451
55295
84626
124751
100272228
339535
9404
55805
201255
286006
541468
388695
57134
225689
55016
115123
23031
255374
1953
4241
25895
727957
140699
4642
4669
23114
4772
4774
115677
254552
93145
90271
114879
220213
165140
57144
5080
5091
56143
56124
56132
56129
246330
8863
51555
5224
29990
5330
25894
57449
84197
64091
8497
9677
100507617
10544
254427
5774
5909
11069
51195
22821
10125
8601
121268
9783
285498
57140
79897
388394
57521
65078
9853
6263
11341
27111
10505
1731
5271
6462
6560
9121
23539
11001
28965
339665
148641
80723
206358
55117
133482
10322
6640
30812
647135
6489
127833
9797
4943
6941
10312
8577
222865
8269
115650
8718
8742
7145
84969
126003
11277
57761
7223
59341
7287
22888
80329
219699
9098
10451
124961
7739
219749
57567
25946
340385
147837
140831
65249
64180
2566
3352
126119
3751
28999
56110
51540
116412
89
9507
575
221188
63982
290
316
187
55843
115761
415
51676
23130
540
80115
255877
92558
762
768
777
84254
29775
255057
23624
115948
149483
729440
10309
2826
958
960
978
161198
54102
340204
1302
118881
57699
27132
1413
1427
8029
1592
29785
168002
747
91351
64798
91319
9940
65989
26052
1909
1910
64800
151651
79993
2170
83723
84691
644815
2203
2246
51291
2796
2811
2827
2974
3040
1839
84525
84842
60495
3269
8519
3479
9641
53833
83729
387755
3669
64843
8515
3714
3718
3745
3757
27133
30819
8645
90990
5655
10219
346689
3931
340596
375323
64130
101929344
4004
84171
57554
256586
4125
4294
4157
4239
79847
102724827
4277
4318
642475
64978
118490
4503
4515
4585
4599
23218
4831
440348
9572
441478
145957
4986
161725
54852
56135
5293
5336
257068
51090
55163
127435
133522
26051
5544
63978
5593
5698
5753
5820
54814
5923
5924
54922
30062
57333
387849
284654
349667
57715
5272
56256
124925
84251
129049
10019
10045
400745
6456
6461
63910
6571
83733
8501
85414
10599
81796
440354
692227
94162
6656
221833
353324
55064
6691
399473
8406
6736
6776
256227
55061
6854
11346
80731
7079
9911
399474
126259
360200
8711
55223
7277
102724594
201294
11045
7429
7450
7498
7549
7568
342909
84891
