23461
80724
57211
3899
221264
207
267
121601
203859
118429
333
9138
84159
379
79642
57205
6310
145173
80127
648
655
154743
7832
51279
784
199731
8618
57658
827
101805492
57577
728621
83692
1005
50937
9620
201134
25927
1280
1290
23412
153222
1486
29119
1519
404093
7852
80319
163486
27147
10260
1607
22982
29952
10570
56896
30008
25975
1958
54898
5168
2043
203111
23086
2152
9715
64760
196951
375190
25827
84961
2335
64122
252995
401024
170384
2572
55568
2823
114928
285513
26086
2869
2947
1404
29915
283450
57520
57493
400322
138050
9454
3241
3270
374875
9543
3485
22807
27130
8997
284252
653319
4254
9314
84861
26013
11019
22998
4012
4016
23143
10233
84125
338645
116372
89876
54682
84557
5602
375449
4148
2122
56917
284207
5891
112609
9902
6150
253827
222166
10071
54587
26509
10003
284565
101060226
101060684
65009
283131
10529
4739
79858
85407
57502
8996
4853
9284
80896
3084
8829
22854
9480
5025
8974
5064
9924
25849
57060
5099
56121
26167
5122
5144
5158
80310
149420
5210
1912
55022
5308
5333
51196
64857
79948
5376
10687
10631
5454
11281
653214
5627
283659
5797
5800
25797
10966
5900
158158
27303
54884
23179
388
22999
57484
494470
6095
7857
222663
113675
9792
23235
22933
387640
9990
151473
5002
9481
284129
23169
124935
162394
4093
6674
6676
128153
64847
79925
11005
6695
10418
6482
81849
6781
11075
23213
54823
23345
6860
9066
26115
55296
79600
57451
26011
54790
7049
7057
7059
7060
221981
7084
645203
54916
25789
91147
641649
94241
140691
114088
80036
7227
128553
83538
92104
150737
26140
94015
79720
117166
79971
388403
284273
57659
85463
84885
463
79776
84460
64393
7771
57209
91975
84449
163059
57573
148156
21
5243
23456
23457
89845
84836
32
35
116983
414149
84680
8309
8310
80221
100418910
90
81794
9509
80070
9508
54507
90956
203054
109
112
976
137872
141
84632
642517
79841
177
3268
23382
27245
122481
216
160428
79796
8092
23600
268
57463
347902
271
272
275
23357
23452
150709
51281
353322
339416
56899
57101
57719
301
91056
10307
200316
360
9938
115703
50650
100271715
10865
55130
9915
27106
410
411
22901
116969
140460
57168
460
89849
55102
115201
285973
482
534
538
10396
10079
8455
558
8705
2683
79870
60468
578
582
166379
8412
80114
650
652
658
399761
91653
54785
283870
55643
54718
11118
114904
25966
767
81928
9478
11094
783
785
91860
8536
23125
23066
840
200014
256309
79635
90693
130940
283152
550631
126075
90835
80125
284001
85478
91409
283234
885
8900
9236
3732
146059
23580
8999
1026
27439
56853
60680
645455
255101
79846
1675
54480
1131
1136
51363
9469
1154
1181
9076
1365
23274
7461
9746
134829
202333
149111
26504
8506
79937
1277
84570
1289
1292
81035
23127
79934
11151
79585
64506
131034
1373
80772
84766
1384
90993
9244
23373
200186
64784
1408
1415
80169
115908
9811
1496
1522
23113
9547
284613
1593
51302
728294
23500
117154
90379
123879
115265
440081
55601
50619
1687
494513
8694
84649
1606
1609
27294
1742
9228
352909
56171
55466
144132
8448
55619
1795
23348
1796
9980
83450
1815
1825
151636
150290
9149
199221
1870
55268
60401
124989
80258
1944
1956
254102
30846
493861
8178
9844
91748
64834
197342
129080
84034
256364
161436
64772
84080
22875
57724
1969
2057
2077
285141
114625
79956
2104
55194
54932
2157
284611
144717
83541
159091
285172
286499
54463
284069
27146
203259
81553
26240
9679
55793
388650
728833
151354
375061
10826
85302
2200
84467
64319
222235
64839
23194
26267
130888
286151
93611
89848
9873
2242
2245
2272
80206
27145
128486
11328
2318
2324
84256
342184
64838
27023
55810
10023
10129
161835
197258
5045
2526
8323
8325
51343
2555
2561
55879
4616
57452
374378
26290
10634
2629
2643
87769
2686
84514
102723099
375519
79411
11010
29998
23506
2781
2784
10020
2788
2792
80154
64689
64582
7107
283554
54328
2861
57476
29841
2892
2898
2903
156
55876
54676
23498
57531
79885
9759
51696
85441
8916
55008
23462
283987
9026
85235
8329
3097
83872
79803
57110
64342
158160
11077
3305
3339
123688
130026
25900
3428
3434
9742
3556
56623
27124
55721
115811
154865
11213
8471
3672
3674
3676
3708
162073
3717
3726
8850
9920
7881
9196
10008
23630
131096
3780
3786
253980
55693
79831
9692
285600
23313
85379
23046
347240
221458
11279
339451
9903
257240
10748
8085
85442
84626
124751
3908
3911
143903
150082
93273
89884
642852
440993
339535
101927957
158038
128077
92255
64788
222484
4015
10161
57622
55805
4038
4041
91355
341883
127255
220074
134353
286006
541468
388695
9762
140733
23764
7975
57692
84441
4121
57134
4122
23324
9020
9064
1326
6300
5603
23162
23005
55016
92979
23031
8932
255374
55796
4168
23101
57192
79772
161357
9439
1953
4241
4238
9848
79778
125170
84981
57591
4302
166785
4313
84315
283385
26002
727957
140699
10335
4485
55154
64779
9108
92154
89853
4084
83463
439921
4629
4621
58529
339344
64859
23148
138151
340719
339983
256302
149013
4685
57552
57701
4703
4734
257194
79661
341676
100131211
54492
23114
4772
4774
4781
22871
54413
4855
4858
4861
79716
261734
4882
4885
23467
4852
4889
3164
2494
340371
10718
4901
9369
4916
81788
390916
9253
54830
84033
4952
93145
25903
4983
127700
54995
132430
140886
29993
10298
56924
196743
85315
117583
54956
83666
64081
80714
5091
57575
83259
27253
57526
56144
9752
56124
56109
56099
399909
5143
27295
246330
92960
5193
51555
5228
5255
5260
728233
196500
5277
120379
29990
29941
23659
113026
5339
144100
58473
79666
57449
79990
9842
440456
389072
440503
1263
55558
23129
83449
29944
84968
10908
5429
353497
548644
55624
22932
64840
5465
8499
5493
22843
10848
5509
90673
89801
5533
9374
80148
56980
56981
5578
5587
5618
254427
80164
55615
79899
79056
8492
5681
9050
26024
100885848
2185
25930
5774
5777
5798
10076
5817
65263
84795
9727
26056
53917
10981
23682
11159
5890
5909
5914
91608
11186
64080
54033
5939
157506
92840
84957
161253
5973
9185
317671
10636
64285
23221
353116
9783
9610
63891
285671
221687
200312
154214
51136
57140
64221
4920
9501
388394
57521
221421
65078
9711
9853
6257
6263
9294
1903
23034
23098
23314
22904
51435
6334
27111
255812
221935
25956
7869
1731
5414
5271
57713
81537
6448
10044
80851
149345
357
57477
54414
51092
23409
8273
84068
6560
6565
9121
9194
6505
6584
283652
788
399512
55972
284439
203427
9673
376497
28965
154091
1318
55343
222553
148641
80723
206358
91252
113235
55652
6508
8671
159963
6533
80024
6548
9351
23315
388588
9627
54861
6640
6665
93349
147650
84501
84926
6712
136853
8082
6487
8869
442578
57519
202374
27148
412
6813
51684
79783
6819
387082
25777
64420
26032
85360
23336
84447
10454
138474
85461
128989
26000
54662
4943
23329
9755
6932
10732
10312
140290
79867
7008
7011
146705
7016
55852
7040
7041
7048
9473
7068
201798
81789
114609
727910
7089
53345
79905
8577
113277
114795
55260
55314
201799
84187
84548
79134
8269
642987
85019
57393
113452
80021
55362
169200
9772
55217
29767
84969
286262
9881
10345
11277
29953
10612
23087
80128
9866
55128
7223
7442
254187
55815
83882
90139
10867
153657
10382
7287
286319
51061
114112
84959
22888
54986
57578
81622
9099
10868
84749
57558
6843
10791
114990
389136
9605
220001
100287171
151790
349136
23038
7466
25861
7456
7482
126374
143570
64131
79740
221527
403341
92999
79696
23144
92092
644353
219654
55063
84243
254359
10444
93550
7538
23217
53349
84936
22882
80317
55888
7701
169841
7566
7569
7739
7760
7761
7638
7766
7768
7773
353355
9310
219749
10838
92822
57567
25799
63925
84911
151126
55893
342908
147687
147686
220929
126070
10224
55663
92283
57474
340385
348327
125919
339327
284306
147694
115196
148254
147837
163050
51276
137209
147948
201514
92285
162966
162963
285267
57547
90589
121274
9726
26149
57592
146542
374879
7621
374655
349075
155061
65988
284390
79970
58492
400720
158431
100289678
147808
7633
126375
55552
643641
223082
7579
90204
140831
65249
23053
158586
8751
29882
761
10256
64180
8193
2566
727936
9001
3176
200634
51285
642658
53358
92369
79875
84948
284076
116412
9429
93953
89
221188
316
50649
115761
415
23130
6795
80115
638
762
782
796
84254
841
90060
149483
960
978
1951
9350
24146
389383
27132
1413
114784
1592
64798
91319
27120
26052
1906
64800
2014
2022
64855
84691
644815
389549
2735
51291
127845
3037
83933
53833
83729
3669
80271
3710
3718
3757
27133
56660
9764
90990
83855
5653
79412
340596
375323
64130
347730
4125
4294
4239
102724827
9645
4277
148932
79922
64978
4599
4606
79784
23218
84807
22795
440348
9572
145957
4985
89932
23037
5293
5327
5336
51090
55163
10891
26051
5961
5698
54814
5924
54922
116362
57333
5971
349667
283726
8482
5272
56256
129049
10019
6456
140885
83733
10999
85414
83959
28232
81796
94162
79856
55064
6691
83985
8406
6736
92335
55061
6854
6890
7045
27134
399474
3371
7127
8711
102724594
133688
11045
27005
50853
124997
11197
80149
7568
147807
2180
51412
11096
220
9024
774
776
51286
92737
1942
1999
115704
146330
2587
84253
8336
8342
3624
80760
9312
3897
144811
3909
4128
24142
89795
349565
8715
10361
4929
3175
164091
56138
5121
5179
5355
64748
5582
25837
5864
387496
644943
6000
162494
10900
64094
6615
6769
6853
114786
89887
377677
8367
3749
4542
10886
83714
201232
126969
6522
80765
28755
91544
79575
55966
397
7984
1577
55531
84141
390637
64135
79705
4054
55283
29895
4824
7941
91584
5583
5837
54101
56920
134549
79953
4070
7022
84283
113763
144568
10058
1244
145447
644961
88
113179
117
30817
136
51327
150209
8644
239
259
286
338440
140564
23237
58504
201176
64333
445328
408
57194
79369
55024
55509
63827
64919
79370
8553
771
146206
843
858
874
643677
56477
140706
645121
135228
912
919
60437
92211
10669
55584
1160
5010
1201
1295
78989
1369
151835
83716
1414
1474
124637
1583
1555
1573
260293
85443
79958
79132
148252
58512
373863
1794
1800
1801
151871
359787
51207
8291
1842
23644
8637
953
253152
55040
83850
59271
90332
2160
2161
8263
150368
79843
348378
729830
9413
151647
389119
729533
149297
222584
83416
91893
152273
2253
84929
643988
163479
8061
23105
100420300
2524
9568
2554
2569
79623
729438
2638
2645
51608
2675
2678
2701
349149
89944
2793
84803
23171
170589
10457
114787
9721
2914
83445
653689
121355
653188
3049
3059
348980
10021
10870
23072
10086
8332
8353
100130561
3174
3248
3249
10855
117245
9957
9956
9955
730211
26353
3350
3359
8372
3383
126917
26280
53832
51561
83444
3664
3675
26548
142683
152789
170850
57576
147700
57565
26085
11202
3876
283455
3910
3918
10319
3936
3937
100874261
102216342
79414
116135
347731
27076
11178
130951
8174
149175
4217
8785
154141
255231
728556
4223
81571
197259
51085
10893
286423
4499
140851
4580
4584
4620
93649
25924
27158
81832
4815
91662
401010
4838
408050
4842
4843
4846
344022
4868
375387
256646
55753
51025
64761
56147
56134
91523
5148
5161
100132594
9796
118788
23533
11187
50487
26499
79156
55200
57088
5409
84820
5443
5463
653505
284338
5699
5724
5732
9536
260434
401409
5880
5979
144347
79651
171177
6014
7732
255488
343637
80183
6262
140700
154075
6323
6329
9717
64218
6318
2810
51296
80704
6582
440044
6517
55630
50651
200931
9056
28231
333929
101290500
100505616
677826
26765
83595
11262
8404
29906
342667
6770
112755
55359
203328
6847
6850
8224
284612
84258
55357
50945
56165
643382
123591
144110
28983
7116
64102
51127
91107
57159
203062
22996
7273
647000
402682
83878
124739
8433
27287
7433
653440
51087
131540
7712
84905
118738
7784
342945
