280
170302
5205
84002
1364
27255
6387
1644
121506
80307
2259
2823
285513
79977
2947
1404
3752
9935
112609
4487
135112
79858
7025
5139
84457
5308
8495
89765
10371
6492
6585
27233
9066
57451
167838
79819
368
141
119016
57463
51281
115557
100271715
84913
126859
113451
25825
649
652
653
658
57795
727
816
57828
152206
257236
6347
951
8999
441549
55779
25790
149465
10752
92421
1286
80772
79901
285440
115265
159989
10395
123872
1768
56171
92749
83450
128853
79825
2012
219670
2155
79567
2256
114827
55640
11337
8522
2861
653238
85235
8347
11077
3385
3490
492311
3659
3672
3680
3707
389170
80350
374819
127495
22983
4208
166785
10934
283385
255027
84073
64859
4685
57552
57447
4837
10718
4900
27253
5098
54760
113791
5585
9842
29944
8499
56980
5618
80164
9609
282996
157506
85004
130132
28984
10636
26166
158787
9610
6096
146760
6261
148418
23098
619383
79085
65012
222962
342527
389058
147650
6697
80176
80725
10734
442578
55638
256126
128989
54885
727910
255104
55314
147744
55092
80021
91978
286262
7442
55815
441631
153657
10382
127733
9605
7448
126820
440253
55062
51201
93550
7760
353355
401509
126375
643641
1816
2891
3198
92369
1890
84286
2180
84873
57491
340542
169044
1465
64693
51473
1770
1804
1942
1999
25817
152756
84253
2949
3024
8363
8629
100652824
144811
4061
4128
4237
9172
259232
56901
6134
4948
164091
56138
5179
5355
5799
170394
221749
11264
729857
23504
6277
64094
54961
9754
84000
85453
134111
286128
730087
57643
26027
440482
83714
5077
29964
23145
7185
91544
53947
79575
10863
80332
57188
150
55966
144193
397
728377
7984
525
631
149428
92291
286207
9075
1366
1293
57175
1545
1577
1747
10655
55531
84141
441168
399823
8326
117248
2625
390637
54438
2690
26585
64135
3481
3589
79705
4054
653639
55283
4222
79083
10205
4495
143662
29895
4645
4647
4824
203447
4978
56666
344838
27115
401
84647
10761
219348
91584
5583
5837
5697
10235
5649
9628
54101
127544
6337
56920
5104
85358
134549
6495
9376
84690
124044
55304
55240
79953
4070
7010
7022
7056
84283
7125
7139
54863
7379
155368
65266
54361
113763
254887
23414
129025
