23461
25864
23284
132
60509
284
55129
203859
100131755
79642
8708
84002
347475
91057
4345
28316
1119
1140
27255
54675
84418
1773
157697
285550
196951
23625
7976
2674
56261
285513
400322
164045
138050
192286
653447
9543
3485
3773
57691
9211
11019
266655
283267
388789
10227
135112
137682
4717
387921
57502
9284
79730
54681
64065
10745
63895
8228
89765
146923
155370
79966
123096
284129
51000
23169
11046
389203
10924
641638
81849
9263
27233
374969
54823
57451
645203
100507421
129787
55751
54916
79639
641649
319089
100134869
79805
79819
388403
84885
253832
441951
7539
117608
55786
91392
90233
22834
7627
65985
25980
441376
57505
80755
19
154664
21
10347
5243
23456
11194
4363
89845
10257
10060
225
55324
55347
83451
26090
84836
116236
81926
51104
80167
171586
63874
51099
57406
27
84448
31
27034
28976
35
9744
116983
8310
51205
55
84519
80221
197322
55902
58
70
57180
79913
90
130399
100
8728
53616
8745
81792
9509
80070
11173
54507
104
134637
57143
90956
203054
107
109
112
113
119
577
137872
54936
122622
165
64782
4299
2334
125061
116988
414189
642517
79841
340351
177
3268
55750
10555
23382
27245
113146
64853
83543
84883
9447
203
26289
122481
8165
9495
9465
80709
1645
246181
126133
8854
219
160428
230
56052
84920
144245
440138
79087
29929
79796
8846
121642
221120
54784
91801
55626
51005
219287
57463
347902
271
272
273
64682
23357
285
23452
51129
150709
348094
56172
54882
51281
338692
253650
84079
651746
353322
91369
338699
283373
441869
122416
56899
203286
57719
301
162
1174
130340
10717
9907
9546
10307
10297
27301
83464
200558
335
27350
200316
341
81575
55937
360
367
369
116985
9870
381
23647
10139
392
79658
9824
89839
93663
84986
115703
80728
9912
23526
395
9639
55160
9826
27237
9828
128272
115557
50650
100271715
389337
84904
9459
54622
84100
84071
55130
79798
93436
79637
64860
54470
9915
406
56938
27106
410
411
22901
55616
51130
51666
140459
140460
55723
432
41
435
57168
445
28990
460
23245
55210
83858
85300
1388
11016
83734
9776
55054
89849
55102
115201
84971
10533
79065
285973
25923
84913
57130
482
91419
23545
245973
90423
534
538
10396
57198
10079
91647
84126
8455
342371
222255
9212
10677
60370
126859
8312
8313
558
8705
27087
10678
84752
146712
2683
8703
9331
79870
25825
60468
9531
57597
22893
55971
8938
54971
27113
582
79738
166379
129880
27241
4059
8412
587
144233
590
596
10018
599
604
283149
63035
622
57673
389206
7439
51272
80114
637
274
332
649
650
55589
653
658
399761
91653
23246
79866
118426
54785
729991
221927
2972
140707
283870
7862
84446
55643
90135
284697
114781
686
54718
11119
11149
114900
114904
715
716
25966
26005
126567
727
23632
760
11238
81928
26256
11094
57685
773
8912
9254
785
27092
790
57863
793
50632
8536
57118
57172
815
816
818
814
79823
57662
822
11132
147968
726
84270
79800
55259
255082
57513
840
842
847
57828
863
220869
644019
8535
57332
54862
200014
92922
29903
256309
79635
90693
133957
84865
348254
130940
80071
284992
283152
550631
126075
80129
84960
387856
90835
28952
149473
339829
55036
79714
284001
160777
85478
79741
64925
168455
90557
91409
11007
79080
26093
55702
257236
885
8900
896
898
9134
79616
9236
126731
10693
643253
9936
51293
948
10849
1604
965
972
3732
401577
8556
991
993
995
23580
8318
990
8317
157313
83461
55038
83879
1008
1004
1006
728642
5129
23552
8099
1020
8851
8941
8999
6792
1026
1031
1032
1033
441549
150383
1038
1039
1040
81620
124359
51816
27439
11189
56853
60680
1058
65996
2491
91687
79019
79172
401541
378708
80152
22994
283638
84984
55125
55165
55722
79959
64793
387119
51148
375298
10715
55779
25790
54777
220136
149465
159686
255101
79846
55997
1675
57530
494143
8208
11200
10523
10752
92421
79643
79586
54480
56994
54108
1136
9486
50515
55501
113189
51363
9469
83539
22856
63922
152302
85457
284106
11113
163732
25792
11129
1181
1183
1185
1186
9076
9071
1365
6320
23274
29121
130162
7461
79745
79827
2055
81570
9746
8218
23277
134829
146223
202333
84518
54805
26505
26504
55571
245812
1272
6900
8506
79937
116840
23242
22837
1690
91949
84342
1301
1277
85301
1286
1289
1292
1294
1297
81035
23127
93058
80219
27235
51805
56997
79934
10699
7464
10391
79585
1352
27151
22849
221184
131034
1371
1373
29894
1374
80772
283229
1384
90993
9586
1389
51232
51379
9696
84809
23373
64784
1408
1411
51084
1428
1445
1478
4253
80169
9150
10217
1491
115908
9811
1496
1503
56474
5476
1075
8722
1512
1513
1515
1522
348180
23113
51076
30827
220002
284613
11068
79901
1593
51302
285440
1595
9265
728294
153090
117154
51339
147906
221955
1612
1613
55157
80174
1628
51163
9730
90379
80067
26094
285761
1630
341019
8642
166614
9937
64858
64421
28960
55208
123879
23576
1643
220042
115265
29118
64794
650560
54555
317781
23586
162989
123099
57706
163259
9909
55635
9681
91614
55070
159989
1677
1687
494513
8694
84649
8220
9993
1606
8526
160851
8525
1718
1717
79947
200895
1723
79154
79758
147015
10901
317749
25979
56919
9704
60625
57647
56616
1730
81624
27042
27292
57609
9077
84925
129563
84976
22943
10395
10301
8847
1740
1742
9228
1743
11144
93099
1760
1762
1763
123872
54919
201625
1768
56171
9093
25822
85406
55192
54943
84277
9829
1774
1785
1789
139818
1795
9732
80005
57572
23348
83475
1796
55816
220164
22845
57171
9980
1798
1802
89978
91039
55211
23333
283417
1806
92749
83450
1821
79075
29940
92126
79980
112487
51514
1838
285605
113878
23220
64118
54920
56931
128853
80824
150290
142679
285193
1847
1855
1797
84332
83657
9149
8445
8444
199221
1869
1870
1875
1877
55840
124454
55096
9427
55268
79746
1896
128178
80153
9695
55741
10085
100421865
29904
196483
60678
124989
84455
79825
80303
1944
1947
22979
51162
1956
10938
30845
30844
126272
493861
84285
9451
8663
1973
317649
56648
143244
1993
2002
2004
2005
8178
9844
84173
91748
64834
84034
256364
161436
400954
2012
2018
2021
284131
64772
84080
219670
2028
5167
22875
59084
957
955
57089
285203
54749
57724
1969
2047
2049
2050
2051
2052
7957
2057
54869
64787
26284
2064
2066
2077
285141
127254
114625
55780
57471
79956
2081
56605
157570
9700
2101
2104
23344
23474
55224
2115
2120
55194
2121
54932
9156
9941
56915
118460
2131
2137
2138
2140
2162
80233
91442
8772
2184
51011
151313
399665
284611
83640
54491
144717
83541
81558
54954
116224
159091
220108
285172
441518
116496
257415
54463
162427
145483
83648
26049
284069
65990
134145
27146
222234
80013
54540
85395
55924
127281
80256
203259
84792
84915
83986
57613
54537
60343
55855
81553
26240
9679
79850
92002
55793
54478
79567
388650
138311
112703
653820
728833
153643
81610
151354
375061
157769
147965
2175
2187
2176
2178
2189
9855
10667
10056
2194
10922
79072
60493
79633
10826
85302
54751
2199
10516
129804
2200
64319
57666
54850
222235
64839
54620
26235
26233
23194
26267
201456
157574
115290
126433
23219
79791
114907
254170
130888
54455
286151
93611
23403
554251
2217
9873
2232
55527
222894
55612
2245
89846
2256
2257
8817
2254
11116
2261
53834
55277
114827
2272
2275
29109
80206
11153
27145
286467
128486
84922
24147
11328
63943
79147
201163
2318
2324
55640
84256
56776
91010
2329
79025
64838
2342
27023
55810
221937
3607
2305
3344
2308
4303
80020
2356
10023
23401
158326
84978
122786
23732
161835
2498
24140
100302692
282969
5045
84750
10690
80199
9513
53822
79443
8323
51343
2539
9846
11337
2555
2556
2561
55879
4616
2580
89792
79690
2581
2582
2585
130589
2588
79695
114805
57452
374378
2595
2616
389849
150946
10634
283431
2621
8522
5188
2628
352954
23464
2639
2643
2730
10985
2650
339970
2653
9518
284161
54857
50628
54960
2671
23163
87769
2686
79018
64599
54826
64785
28964
2710
79411
26035
2731
2733
2736
11010
152007
169792
2743
2745
144423
29998
23506
2760
2762
10691
26205
29925
2767
2781
54584
2784
10020
2785
2788
54552
80154
647042
440295
64689
2239
54707
56927
64582
56834
7107
283554
4935
27239
54328
2861
51463
9737
2874
2878
57476
23151
80000
29841
2890
2892
2897
2898
2899
2900
2901
2903
2868
134266
79774
83743
55876
83903
2937
79807
119391
2966
728340
84163
389524
2976
9567
85865
54676
84705
8225
51512
83606
2983
728411
8908
2995
440093
9563
9200
57531
84264
283254
54930
23354
93323
57657
79885
9759
10014
51564
9734
374659
81932
139324
55027
25938
54497
51696
143279
79654
85441
8916
51191
55008
8820
284004
124790
23462
51236
55733
283987
55662
25988
3009
3006
8334
85235
8331
3017
8339
8345
8338
3097
55355
284459
3145
54511
10473
51617
144983
9455
100506311
3212
79803
57110
64342
9394
90161
440498
51171
51478
343477
259217
3305
3306
79663
3339
3358
94031
3064
30811
3364
84329
54768
81888
123688
219844
200205
130026
3419
8870
51278
25900
3429
2537
3455
7866
55764
9742
26160
3490
3508
492311
285313
152404
84966
150084
93185
3551
64375
23765
54756
3556
11141
3614
64423
125476
283899
3628
8821
3632
3633
56623
51763
26173
80789
203522
25896
55756
9807
253430
51194
9670
79711
64768
55721
115811
64799
128239
23096
154865
3654
3659
3660
3665
10379
79192
153572
79191
55846
3672
3676
3678
3679
3680
3693
3705
3707
3708
85450
162073
9767
3717
221895
122953
65094
23210
339123
57338
3726
23189
25959
151050
2648
8850
83473
10300
9920
55709
89890
7881
9196
3755
131096
3759
3778
3780
3782
3786
253980
79047
79734
130535
54442
79070
143888
221656
84678
23081
55693
8284
80759
202559
10656
9897
9692
23247
285600
23240
23313
57536
57604
25758
85352
85379
340533
9928
81930
146909
10112
23046
347240
26153
3797
285643
3833
55243
84063
64837
8462
122773
54758
55220
126823
90293
80311
11275
9903
55295
26249
10324
10748
9757
387893
85442
9735
11133
200185
8844
112970
883
79944
246269
3903
284217
3908
3911
9215
554354
23395
150082
253558
9836
3949
753
26119
11061
7044
93273
3953
3956
55366
10184
64077
89884
8994
132660
642852
150759
147525
100287765
100272228
440993
283551
84894
55180
3988
9388
51601
387787
128077
3996
3993
81562
64327
92255
64788
91289
89782
4005
4008
25802
22853
348801
222484
9361
164832
4015
84695
1902
2846
10161
54947
10162
64900
57622
78999
4035
55805
4038
4041
91355
122769
9684
55222
123355
81543
55073
114659
127495
64101
201255
94030
65999
84230
341883
127255
120892
10446
26045
90678
220074
134353
124801
286006
4047
1241
8425
4067
130574
388695
4081
28992
140733
23764
57692
100506898
4117
114569
10892
84441
4121
57134
4122
23324
4123
643246
55201
5606
5607
4296
4215
9064
1326
4293
5871
9053
6300
225689
5598
9479
23162
7867
23005
22924
4137
64757
55016
51257
115123
92979
22983
23139
23031
4149
8932
53615
114785
255374
153364
4163
64087
84693
23101
254394
57192
79772
55013
161357
51102
9968
9282
10025
54797
9477
9439
9441
55090
4208
4209
284071
51072
4221
56257
10461
59274
254042
751071
51603
196074
79091
84190
399664
4238
126321
84641
84278
113655
84975
256471
84804
4247
4248
11320
11282
4249
4255
100507436
57553
85377
79778
286097
125170
54531
84895
60672
84864
50488
4285
84981
4286
57591
54903
4302
166785
25974
93380
4324
4313
253714
4330
84057
4335
81532
126308
79817
27304
7841
84315
10934
79906
283385
4343
9526
84954
4355
4356
255027
22808
55686
84245
55178
140699
6182
51263
51373
51116
10335
4439
55167
151507
4482
51734
55154
9219
27085
123263
51537
113115
92170
26164
4522
441024
4524
10588
64779
4534
8776
54893
54545
64419
9108
25821
2475
9617
4552
92154
23281
79594
347273
4595
89853
4597
4598
4084
83463
439921
4602
10514
4603
4605
26292
4610
4613
4615
4638
399687
80179
4642
4643
140469
7593
23138
29104
79903
27163
254827
4665
64859
23148
112939
65220
133686
55191
4669
51172
203245
340719
140838
4674
266812
8775
63908
222236
79731
9
26151
256302
55672
100132406
200030
149013
25832
84224
400818
4685
9918
23154
4690
57701
51517
56926
55706
54820
79625
57447
3340
91942
4703
54550
63941
5818
4734
4744
257194
79661
55247
341676
140609
284086
23306
10825
54492
23114
4775
9603
4774
4781
4782
4783
4791
4793
4794
64332
9054
4800
4804
340527
4811
60491
4814
28512
4825
22871
54413
55655
79671
4828
283458
64802
54981
10874
4837
79050
10392
79159
65083
23420
51491
4839
161424
115677
4851
4854
4855
4858
4864
79716
261734
55666
10360
4882
10641
23467
4852
4835
7376
10062
126382
3164
8013
2494
340371
4899
4900
80023
9378
9379
9369
50814
4905
8439
26012
387338
55695
155400
4913
4915
4916
4922
81788
170685
25961
390916
84304
11162
283927
254552
9253
23279
23511
23165
23225
129401
54830
4928
116150
91775
11247
55916
57523
84033
79629
100506658
4952
79701
11054
79627
11339
93145
25903
56944
90271
115209
4983
23596
4998
5001
114879
114880
127700
64172
734
202459
78990
220213
360227
55593
90268
5013
339229
92106
54995
5028
5032
10536
140886
29763
400961
10298
57144
342979
255967
53354
55229
24145
196743
11044
124222
79957
85315
117583
50855
54625
54956
55010
25973
29780
23178
5080
55872
64081
5089
80714
84105
57575
27253
57526
56144
56143
56142
56124
56123
56129
56106
56109
56099
5098
84759
63935
5106
5118
54760
5125
58488
9468
84306
10846
201626
5137
5140
5143
64146
5154
5157
10954
5164
5165
9124
27295
8572
54704
57546
10630
57107
57595
157310
55825
57161
246330
10400
8863
8799
92960
5193
5194
5195
9409
5824
8504
5830
51555
5190
5191
5198
192111
93210
267002
5228
5239
9489
221692
80012
26147
51533
5255
5256
5260
5261
22822
23612
23239
23035
493911
254295
55361
55300
196500
9463
55367
80119
5277
9488
23556
84720
9091
55650
284098
120379
5287
5291
113791
30849
29992
5292
415116
728758
65018
54984
5305
79837
8395
23396
138429
51268
26207
9600
83394
5310
27039
91461
9088
5585
29941
23659
11145
5325
5326
5329
196463
5330
113026
55344
345557
5337
5338
5339
144100
58473
79666
26030
57449
57475
79990
440456
23207
389072
440503
5347
1263
10733
8985
196051
403313
5359
55558
23654
5366
56937
83449
5371
23203
5379
29944
84968
4860
57104
10908
25886
50512
23509
23649
5424
5426
5427
5428
11232
5429
27343
27434
353497
10721
25885
84172
64425
548644
10622
51728
5442
55624
84892
84197
29954
22932
10940
64840
25913
25845
56342
5465
5467
60490
8499
8497
5480
10105
8493
22843
9647
4660
54776
23368
100507617
81706
84988
170954
5502
151242
9858
220004
284352
5507
5509
90673
89801
84687
5533
57718
23082
9374
80148
54896
84279
56980
63977
63976
11107
57580
80243
166336
5558
201973
5562
5564
51422
5575
5578
5579
5580
112464
5587
25865
5616
5618
54496
90826
10544
8842
80209
254427
148137
5634
55771
51334
80164
11272
55615
7916
5638
79057
79056
285368
158471
5662
5664
5681
5687
5700
5715
84262
84722
9050
26024
5727
9317
100885848
5754
11156
138639
26469
25930
5774
5777
5791
5795
5798
5802
10076
138428
10744
5806
80324
150962
126789
5817
5827
5829
5831
5834
5836
90780
79912
84795
5768
169714
81890
9727
201475
376267
53917
5873
5874
11031
10981
83452
9609
23682
54734
57799
51560
51209
79874
27342
5875
5877
11159
11158
285282
5881
5888
5890
5892
5893
25788
8438
5883
55698
10743
9649
57610
64901
5909
5912
11069
65059
5914
22821
51655
11186
9770
8045
55225
642954
79863
64080
5933
54033
64783
23029
55544
375287
129831
5939
348093
10231
1102
1104
81554
91433
9986
10171
112724
201299
8434
9401
9400
65055
80346
92840
5970
768211
84957
161253
85004
57455
5983
359845
91869
23180
130132
64864
56963
285704
6001
10636
26575
10287
26166
5998
84236
64285
83695
23221
29984
54509
391
399
114822
158787
26150
57589
284485
353116
196383
9783
54453
60561
53820
84934
151393
440400
6041
27289
7844
55298
63891
84282
9781
220441
115992
285671
221687
91445
285498
154214
64320
6047
51136
55328
57140
64221
4919
6096
6102
441212
26015
9501
79897
10799
388394
113000
27079
84881
64121
6237
6239
6241
51093
23223
9136
23212
55316
221421
6242
219790
6253
84816
65078
146760
25914
9711
154661
9853
10069
25950
6257
6258
6261
6263
6282
140576
9294
29901
6299
90378
148398
148418
25939
79685
89958
23098
84324
23314
55776
58506
113178
192683
51435
152579
22955
6328
6334
9997
11341
23513
57147
9672
27111
10807
644096
255812
221935
23541
26984
9632
25956
81929
7869
10509
10505
54437
26168
123228
1731
5414
23176
84947
26297
387923
1992
5274
29950
83667
9739
23067
79918
133383
646817
51460
6423
118980
94097
6446
157285
23678
124923
259230
151648
6448
10603
10044
6450
23616
6452
9467
152503
79729
6455
6457
56904
26751
81858
399694
79801
56961
90525
387914
149345
729993
23729
357
54414
51092
59307
23309
23094
23410
23409
51547
51804
147912
220134
221150
6497
122060
8273
84068
57468
10723
84561
56996
64849
26266
121260
117247
9120
9194
6573
6505
6507
6509
6510
6511
6575
6584
9962
283652
1468
10166
788
89874
79751
79085
114789
81894
253512
84275
55972
284439
9673
92014
401612
1836
65010
376497
11000
10998
222962
154091
11182
29988
7779
64924
55676
10559
7355
339665
222553
54978
80723
124565
145389
153129
201266
91252
23516
6519
84102
29015
204962
57210
55652
6508
9498
55974
159963
55117
6541
84889
8140
23428
80024
6548
9351
10479
84679
23315
133308
55106
146857
6586
139065
84464
4092
57228
6595
50485
6603
6604
140775
23381
55181
56006
388588
644596
221710
85027
6606
6607
6608
64093
54498
55627
6525
342527
57154
8773
9892
6618
6621
9627
100507303
54861
119358
414153
6640
6645
10073
29916
64089
112574
90203
83891
92017
254122
257364
29886
6646
8651
8835
9655
140710
10580
10174
57537
6652
65124
9580
6658
30812
6668
147650
11092
200162
10615
9825
202051
79029
147841
57405
23384
10290
56848
169981
84501
6697
200734
84926
283377
84727
6712
10558
6714
80725
6715
79644
6720
6721
136853
8082
6752
145165
400410
6487
6484
8869
10402
6480
27090
6489
51046
7903
10734
442578
57559
55620
57519
261729
6491
6793
6794
114790
9262
8859
202374
282974
140901
27148
83931
2040
9399
55437
85369
29888
412
6804
6813
134957
9515
29091
51684
6817
6819
25830
285362
25777
6821
64420
26032
9766
6839
440423
22987
375757
126074
55638
100130958
256126
221711
8831
9145
8867
23336
341359
127833
6861
84958
54843
94121
84447
23334
10454
257397
10460
117143
93624
9015
9013
138474
6874
6877
27097
10629
129685
51616
6887
132001
85461
128989
79613
9344
6892
202018
50840
55617
9797
6901
83874
26000
54662
79735
55633
57465
23102
93594
9882
11138
54885
23158
55171
219899
9755
10607
9238
6920
170082
6941
6932
10732
6948
55346
255394
79867
55775
23424
11022
9895
9524
7008
79736
27285
9894
146705
26136
7016
10420
9633
55852
7023
64216
7030
7037
7040
7041
7048
9392
55145
56906
57215
90326
199745
9473
79896
55258
84321
7064
7068
102659353
7070
7074
90381
92610
57103
201798
81789
91151
26519
29928
100652748
90580
1678
7078
93643
9414
7083
116238
727910
7089
79816
83660
53345
10548
79838
79905
57458
255104
55374
8577
23671
66000
79073
11070
83862
144404
80757
222865
114795
55260
55314
129303
84187
64418
80775
130827
84548
79134
25880
8269
147744
645369
199953
94107
54867
51259
84065
79064
79583
642987
56063
85019
84302
80195
64417
203197
57393
55116
90407
93109
113452
148534
80021
9725
55362
169200
84910
58986
51754
9772
55217
29767
9087
160335
83590
126282
8795
8793
51330
7132
8718
79155
10188
84629
64759
114034
10043
146691
84134
401505
116447
7156
27348
27433
64222
9760
84969
58476
112858
53373
219931
91978
729708
11076
131601
8460
80305
7186
10758
7189
10906
10293
9881
83696
1787
55809
11277
10221
57761
81559
10626
6737
7706
10612
22954
56658
80263
286827
117854
201292
9866
55128
9322
9319
51531
55621
93587
55039
27037
152992
115708
55006
10024
7220
7223
54795
7442
8295
7249
80746
80705
57616
25987
55815
83882
441631
26262
90139
340348
7102
10867
706
9256
7263
79573
199223
153657
79989
55622
64427
130502
55020
158219
7268
57217
145567
9654
164395
7274
83869
57348
7275
399942
84617
51175
27175
85378
7286
286319
64852
780776
51030
201158
56652
51061
54957
114112
7297
494514
7301
219743
55253
441250
199746
124402
84959
51619
118424
27338
7335
89910
9690
8266
22888
56893
80019
7347
83549
7371
55293
29128
80329
25989
54986
10497
219699
57578
285175
139596
9875
55665
7391
10869
9099
10868
23358
84749
84669
57558
84101
159195
84135
57654
55697
6843
8674
10791
8673
81839
57176
22846
114990
57687
10451
79609
7423
389136
63894
7436
400673
81552
55187
64601
57617
112936
26276
55048
155382
9605
54621
196740
7448
64856
23078
10352
100287171
54838
51057
91833
84219
79446
253769
57539
22884
10785
11152
9277
151790
348793
54853
54554
126820
144406
23335
256764
79968
84292
349136
197335
29062
116143
23038
55093
10406
7466
440253
25861
7456
644150
55062
58525
7480
7482
81029
55135
126374
23286
51741
11060
56949
286046
57510
23214
7517
143570
64131
64132
54059
54432
78992
79693
55249
79740
221527
7541
7709
9278
7597
57684
79842
403341
9880
84878
140685
92999
3104
166793
10773
51341
653121
728116
79696
84872
340554
92092
55906
644353
219654
55063
152098
79844
653082
79683
158866
84287
84243
51201
254359
25921
10444
130617
85446
162239
80108
140612
124961
7538
55734
65243
284406
7542
23217
53349
84936
23503
118813
55345
22882
23051
7546
85416
342357
80317
387032
55888
7745
83637
9203
9204
116225
7556
94039
163071
7692
7694
7695
7561
7701
7711
7564
169841
7565
7727
7728
7733
7739
7567
7753
7755
10520
7988
7760
7761
7762
7766
7768
7770
7772
7571
7773
7775
353355
10780
219749
58500
10172
9422
10781
10308
10838
92822
7576
55609
54816
8427
284349
57336
90075
57343
282890
57567
79692
25799
79673
63925
80778
25850
23567
22891
84911
171017
25946
151126
346157
55893
252884
57541
55628
79797
7592
84330
55659
147687
147686
147923
220929
90594
126070
10224
55663
203523
7596
10794
92283
90333
388566
25888
642819
57474
126069
84838
26048
22869
57473
130557
340385
170958
116115
57711
348327
147658
9745
125919
339327
284306
147694
256051
162972
79818
115196
148254
79230
84527
93134
147837
163050
148266
126295
51276
126231
64763
79177
84765
147660
163033
51545
147948
201514
92285
100293516
51385
9640
84622
152687
169270
146434
90850
162966
84775
162963
79898
90317
285267
9831
57547
121274
9726
65251
79788
79759
93474
79891
79894
339500
127396
57592
146542
115509
7620
51058
55657
57116
79943
90874
374879
7621
55762
79986
80139
286075
58491
374655
349075
100131827
255403
440519
654254
283337
155061
65988
7629
388561
284390
92595
79970
79724
58492
51333
400720
342132
285971
27153
197320
284323
158431
100289678
147808
146540
136051
126208
390980
347344
126017
55552
374899
162962
55778
284371
91664
162993
7639
342892
285346
643641
169834
57169
741
80862
284312
9753
54993
7579
7589
222696
221785
64288
79149
90204
140831
23053
79364
23140
8193
2166
2566
2891
64399
55384
4494
56110
56341
63027
6641
92369
148281
284076
1890
25841
84335
116984
57636
50649
253982
627
782
59283
794
797
115948
960
928
1002
23152
118881
8029
9162
27120
26052
1780
64800
151651
1959
54566
2065
254013
2171
83723
355
26232
2622
51291
83933
59269
8739
9641
3669
80271
3745
3757
9764
90990
375323
64130
4004
9227
256586
4239
79847
4609
79784
4808
4831
23057
145957
152195
4986
5069
23037
257068
5362
5452
5554
348303
57715
84251
6571
28232
81796
8926
222183
123036
257000
84286
7127
23555
27005
80149
57623
9625
2180
51412
8038
11096
84873
153
57491
22977
220
238
124930
8120
57569
64283
87171
478
491
2583
602
340542
79365
635
654
9024
10882
114899
164633
774
776
79012
23492
401145
11314
10435
51286
283848
348807
8534
64377
53405
64084
169044
84940
132864
10814
23418
1465
64693
92196
51473
23109
22898
54769
1749
1750
1770
92737
1804
1813
1834
78986
64641
253738
1942
1999
83401
55068
2046
115704
23017
51059
642938
25817
152756
131583
54855
146330
2354
2591
11227
2587
84253
2624
2668
2775
283685
2813
151306
1880
64388
2946
2949
84667
3024
3012
8969
8336
8344
8342
8363
80201
3199
3214
3623
3624
3642
80760
8629
9312
3746
30818
100652824
124602
84634
3897
144811
3909
10637
3975
53353
441381
4061
4128
23542
4237
25834
7681
254956
4547
4582
9961
9172
4661
23040
259232
342977
24142
89795
56901
58158
4807
349565
8715
6134
10811
10361
4929
51299
140767
84628
79873
57495
222950
57624
4948
3175
390874
5024
135138
54873
164091
56138
56145
56125
56108
5121
27344
5833
5178
5179
116154
5309
5355
54886
64748
5455
5457
8541
132160
10842
5526
10216
5582
5799
170394
221749
11264
25837
9363
5864
387496
644943
729857
6000
162494
23504
79589
727800
27156
84870
10900
6277
10590
124404
5345
6506
10991
57835
440087
64094
6615
6616
6623
54212
26206
54961
6769
9754
9899
6853
6863
7062
221400
7007
83659
220359
55365
28959
256130
348013
79041
84000
7224
79054
85453
134111
23025
2277
7476
114786
170261
286128
89887
730087
57643
