9619
5205
7122
2572
9314
4760
158158
1901
7857
282679
145258
200312
26974
8751
8646
149461
8193
3955
4494
169611
56110
5156
56475
63027
6641
148281
84948
1890
84335
393
540
627
59283
29775
115948
729440
8814
125875
118881
27120
1780
151651
54566
254013
2116
2171
64855
26232
2622
51291
2796
83933
59269
3162
3757
10219
64130
4004
9227
4125
79847
4277
27143
257068
55163
5452
153743
5554
5753
326624
140885
10999
222183
6776
92335
94120
84286
23555
7307
27005
80149
57623
7549
9625
8038
84873
57491
220
87171
340542
9024
776
11314
10435
348807
169044
84940
132864
1465
64693
1770
92737
1804
1999
55068
23017
51059
25817
152756
146330
2354
11227
84253
283685
2949
84667
3024
8342
8363
3642
8629
3746
100652824
144811
4061
4237
7681
9961
9172
342977
24142
89795
51299
79873
222950
4948
135138
164091
56125
56108
5121
27344
5833
5178
64748
5455
5457
132160
10842
5799
170394
221749
11264
25837
729857
23504
27156
6277
5345
6615
26206
54961
7062
220359
79041
7224
85453
170261
286128
730087
80325
26027
111
440482
40
728
377677
84660
11126
11135
1016
27254
285429
196385
84677
285596
2296
486
79153
100507462
85236
8367
102723508
3741
3749
114818
114792
136332
266727
91807
51168
4542
10886
83714
10039
5077
8398
29964
5896
201232
126969
6522
245711
23145
80765
285966
28755
7185
162514
91544
100128525
7483
133923
283933
