E+P+G+C+M
39.09324208725406
45.06405425772419
54.196249772437646
E
1.8177929854576562
5.817633760361718
5.971236118696523
E+P
26.881950384944396
28.06330067822155
38.35791006735845
E+G
4.234388366124893
5.86284853051997
18.341525578008373
E+M
46.129170230966636
30.037678975131875
40.65173857636992
E+C
34.08896492728828
41.522230595327805
49.13526306207901
E+P+G
27.715996578272026
25.757347400150717
39.386491898780264
E+P+M
38.00256629597947
33.03692539562924
44.32914618605498
E+P+C
38.109495295124034
42.6224566691786
50.3003823047515
E+C+G
37.275449101796404
43.64732479276564
51.22883670125614
E+C+M
42.94268605645851
45.817633760361716
52.630620790096486
E+G+M
35.58597091531223
23.873398643556897
41.48916803204078
E+G+C+M
43.07100085543199
45.2750565184627
50.992171855088294
E+P+G+M
38.9863130881095
32.705350414468725
45.53067540506099
E+P+C+M
40.99657827202737
46.525998492841
55.343164026943384
E+P+G+C
37.51069289991446
44.38583270535042
52.330238485344985
