E+P+G+C+M
38.95625812039844
46.712433257055686
53.141385337135496
E
2.6418362927674317
4.408848207475209
6.466746389476589
E+P
30.489389346037246
29.000762776506484
38.864869837181494
E+G
4.958856647899523
7.368421052631579
19.878576027964307
E+M
40.818536162841056
28.283752860411898
39.49958605464079
E+C
37.65699436985708
41.96796338672769
52.33189219023089
E+P+G
24.231268947596362
27.048054919908466
39.251218839113236
E+P+M
40.753572975313986
35.60640732265446
53.35295740962193
E+P+C
36.50931139021221
43.12738367658276
53.27016833777941
E+C+G
37.245560848852314
41.40350877192982
47.70490295281023
E+C+M
41.533131225638805
46.102212051868804
54.953546131910585
E+G+M
34.538761368557815
23.7070938215103
33.5295740962193
E+G+C+M
44.32654828930273
46.77345537757437
56.46214699659645
E+P+G+M
39.844088349935035
32.951945080091534
46.9046085916659
E+P+C+M
41.056734517106975
44.97330282227308
53.84969184067703
E+P+G+C
37.18059766132525
45.26315789473684
51.182043970195934
