ALL
37.43263106320431
42.07086343309253
48.32307365739758
EXP
1.4453699167074963
0.7911936704506364
2.5684568032264914
PPI
26.40862322390985
22.82421740626075
38.420717469751644
GI
4.385105340519353
3.508771929824561
15.230312035661218
MI
40.61734443900049
27.536979704162366
35.056251326682236
COEX
37.0406663400294
42.019263845889235
47.51645085969009
PPI+GI
19.54924056834885
21.92982456140351
33.64466143069412
PPI+MI
35.178833904948554
32.37014103887169
44.820632562088726
PPI+COEX
34.27241548260657
41.417268661850706
47.86669496922097
COEX+GI
33.68446839784419
41.1764705882353
48.55656973041817
COEX+MI
38.02057814796668
44.94324045407637
51.24177457015496
GI+MI
36.45271925526703
26.143790849673202
39.16365952027171
GI+COEX+MI
40.445859872611464
45.88923288613691
53.96943324135003
PPI+GI+MI
35.25232729054385
32.5249398004816
44.79940564635958
PPI+COEX+MI
36.330230279274865
43.808049535603715
48.75822542984504
PPI+GI+COEX
32.582067613914745
42.58685930512556
47.98344300573127
